p cnf 136 3172
-1 2 0
-1 3 0
-1 -4 0
-1 -5 0
-1 6 0
-1 -7 0
-1 8 0
-1 9 0
-1 10 0
-1 -11 0
-1 -12 0
-1 13 0
-1 14 0
-1 -15 0
-1 -16 0
-1 -17 0
-18 19 0
-18 20 0
-18 -21 0
-18 -22 0
-18 23 0
-18 -24 0
-18 25 0
-18 26 0
-18 27 0
-18 -28 0
-18 -29 0
-18 30 0
-18 31 0
-18 -32 0
-18 -33 0
-18 -34 0
-35 36 0
-35 37 0
-35 -38 0
-35 -39 0
-35 40 0
-35 -41 0
-35 42 0
-35 43 0
-35 44 0
-35 -45 0
-35 -46 0
-35 47 0
-35 48 0
-35 -49 0
-35 -50 0
-35 -51 0
-52 53 0
-52 54 0
-52 -55 0
-52 -56 0
-52 57 0
-52 -58 0
-52 59 0
-52 60 0
-52 61 0
-52 -62 0
-52 -63 0
-52 64 0
-52 65 0
-52 -66 0
-52 -67 0
-52 -68 0
1 18 35 52 0
69 70 71 72 73 74 0
75 76 77 78 79 80 81 82 83 84 0
85 86 87 88 89 90 91 92 93 94 95 96 97 98 99 0
100 101 102 103 104 105 106 107 108 109 110 111 112 113 114 115 116 117 118 119 120 0
-69 2 -121 0
-69 -2 121 0
-69 3 -123 0
-69 -3 123 0
-69 4 -122 0
-69 -4 122 0
-69 5 -124 0
-69 -5 124 0
-69 6 -121 0
-69 -6 121 0
-69 7 -123 0
-69 -7 123 0
-69 8 -122 0
-69 -8 122 0
-69 9 -124 0
-69 -9 124 0
-69 10 -121 0
-69 -10 121 0
-69 11 -123 0
-69 -11 123 0
-69 12 -122 0
-69 -12 122 0
-69 13 -124 0
-69 -13 124 0
-69 14 -121 0
-69 -14 121 0
-69 15 -123 0
-69 -15 123 0
-69 16 -122 0
-69 -16 122 0
-69 17 -124 0
-69 -17 124 0
-70 2 -121 0
-70 -2 121 0
-70 3 -123 0
-70 -3 123 0
-70 4 -121 0
-70 -4 121 0
-70 5 -123 0
-70 -5 123 0
-70 6 -122 0
-70 -6 122 0
-70 7 -124 0
-70 -7 124 0
-70 8 -122 0
-70 -8 122 0
-70 9 -124 0
-70 -9 124 0
-70 10 -121 0
-70 -10 121 0
-70 11 -123 0
-70 -11 123 0
-70 12 -121 0
-70 -12 121 0
-70 13 -123 0
-70 -13 123 0
-70 14 -122 0
-70 -14 122 0
-70 15 -124 0
-70 -15 124 0
-70 16 -122 0
-70 -16 122 0
-70 17 -124 0
-70 -17 124 0
-71 2 -121 0
-71 -2 121 0
-71 3 -121 0
-71 -3 121 0
-71 4 -123 0
-71 -4 123 0
-71 5 -123 0
-71 -5 123 0
-71 6 -122 0
-71 -6 122 0
-71 7 -122 0
-71 -7 122 0
-71 8 -124 0
-71 -8 124 0
-71 9 -124 0
-71 -9 124 0
-71 10 -121 0
-71 -10 121 0
-71 11 -121 0
-71 -11 121 0
-71 12 -123 0
-71 -12 123 0
-71 13 -123 0
-71 -13 123 0
-71 14 -122 0
-71 -14 122 0
-71 15 -122 0
-71 -15 122 0
-71 16 -124 0
-71 -16 124 0
-71 17 -124 0
-71 -17 124 0
-72 2 -121 0
-72 -2 121 0
-72 3 -123 0
-72 -3 123 0
-72 4 -121 0
-72 -4 121 0
-72 5 -123 0
-72 -5 123 0
-72 6 -121 0
-72 -6 121 0
-72 7 -123 0
-72 -7 123 0
-72 8 -121 0
-72 -8 121 0
-72 9 -123 0
-72 -9 123 0
-72 10 -122 0
-72 -10 122 0
-72 11 -124 0
-72 -11 124 0
-72 12 -122 0
-72 -12 122 0
-72 13 -124 0
-72 -13 124 0
-72 14 -122 0
-72 -14 122 0
-72 15 -124 0
-72 -15 124 0
-72 16 -122 0
-72 -16 122 0
-72 17 -124 0
-72 -17 124 0
-73 2 -121 0
-73 -2 121 0
-73 3 -121 0
-73 -3 121 0
-73 4 -123 0
-73 -4 123 0
-73 5 -123 0
-73 -5 123 0
-73 6 -121 0
-73 -6 121 0
-73 7 -121 0
-73 -7 121 0
-73 8 -123 0
-73 -8 123 0
-73 9 -123 0
-73 -9 123 0
-73 10 -122 0
-73 -10 122 0
-73 11 -122 0
-73 -11 122 0
-73 12 -124 0
-73 -12 124 0
-73 13 -124 0
-73 -13 124 0
-73 14 -122 0
-73 -14 122 0
-73 15 -122 0
-73 -15 122 0
-73 16 -124 0
-73 -16 124 0
-73 17 -124 0
-73 -17 124 0
-74 2 -121 0
-74 -2 121 0
-74 3 -121 0
-74 -3 121 0
-74 4 -121 0
-74 -4 121 0
-74 5 -121 0
-74 -5 121 0
-74 6 -123 0
-74 -6 123 0
-74 7 -123 0
-74 -7 123 0
-74 8 -123 0
-74 -8 123 0
-74 9 -123 0
-74 -9 123 0
-74 10 -122 0
-74 -10 122 0
-74 11 -122 0
-74 -11 122 0
-74 12 -122 0
-74 -12 122 0
-74 13 -122 0
-74 -13 122 0
-74 14 -124 0
-74 -14 124 0
-74 15 -124 0
-74 -15 124 0
-74 16 -124 0
-74 -16 124 0
-74 17 -124 0
-74 -17 124 0
-75 19 -125 0
-75 -19 125 0
-75 20 -127 0
-75 -20 127 0
-75 21 -126 0
-75 -21 126 0
-75 22 -128 0
-75 -22 128 0
-75 23 -125 0
-75 -23 125 0
-75 24 -127 0
-75 -24 127 0
-75 25 -126 0
-75 -25 126 0
-75 26 -128 0
-75 -26 128 0
-75 27 -125 0
-75 -27 125 0
-75 28 -127 0
-75 -28 127 0
-75 29 -126 0
-75 -29 126 0
-75 30 -128 0
-75 -30 128 0
-75 31 -125 0
-75 -31 125 0
-75 32 -127 0
-75 -32 127 0
-75 33 -126 0
-75 -33 126 0
-75 34 -128 0
-75 -34 128 0
-76 19 -125 0
-76 -19 125 0
-76 20 -127 0
-76 -20 127 0
-76 21 -125 0
-76 -21 125 0
-76 22 -127 0
-76 -22 127 0
-76 23 -126 0
-76 -23 126 0
-76 24 -128 0
-76 -24 128 0
-76 25 -126 0
-76 -25 126 0
-76 26 -128 0
-76 -26 128 0
-76 27 -125 0
-76 -27 125 0
-76 28 -127 0
-76 -28 127 0
-76 29 -125 0
-76 -29 125 0
-76 30 -127 0
-76 -30 127 0
-76 31 -126 0
-76 -31 126 0
-76 32 -128 0
-76 -32 128 0
-76 33 -126 0
-76 -33 126 0
-76 34 -128 0
-76 -34 128 0
-77 19 -125 0
-77 -19 125 0
-77 20 -125 0
-77 -20 125 0
-77 21 -127 0
-77 -21 127 0
-77 22 -127 0
-77 -22 127 0
-77 23 -126 0
-77 -23 126 0
-77 24 -126 0
-77 -24 126 0
-77 25 -128 0
-77 -25 128 0
-77 26 -128 0
-77 -26 128 0
-77 27 -125 0
-77 -27 125 0
-77 28 -125 0
-77 -28 125 0
-77 29 -127 0
-77 -29 127 0
-77 30 -127 0
-77 -30 127 0
-77 31 -126 0
-77 -31 126 0
-77 32 -126 0
-77 -32 126 0
-77 33 -128 0
-77 -33 128 0
-77 34 -128 0
-77 -34 128 0
-78 19 -125 0
-78 -19 125 0
-78 20 -127 0
-78 -20 127 0
-78 21 -125 0
-78 -21 125 0
-78 22 -127 0
-78 -22 127 0
-78 23 -125 0
-78 -23 125 0
-78 24 -127 0
-78 -24 127 0
-78 25 -125 0
-78 -25 125 0
-78 26 -127 0
-78 -26 127 0
-78 27 -126 0
-78 -27 126 0
-78 28 -128 0
-78 -28 128 0
-78 29 -126 0
-78 -29 126 0
-78 30 -128 0
-78 -30 128 0
-78 31 -126 0
-78 -31 126 0
-78 32 -128 0
-78 -32 128 0
-78 33 -126 0
-78 -33 126 0
-78 34 -128 0
-78 -34 128 0
-79 19 -125 0
-79 -19 125 0
-79 20 -125 0
-79 -20 125 0
-79 21 -127 0
-79 -21 127 0
-79 22 -127 0
-79 -22 127 0
-79 23 -125 0
-79 -23 125 0
-79 24 -125 0
-79 -24 125 0
-79 25 -127 0
-79 -25 127 0
-79 26 -127 0
-79 -26 127 0
-79 27 -126 0
-79 -27 126 0
-79 28 -126 0
-79 -28 126 0
-79 29 -128 0
-79 -29 128 0
-79 30 -128 0
-79 -30 128 0
-79 31 -126 0
-79 -31 126 0
-79 32 -126 0
-79 -32 126 0
-79 33 -128 0
-79 -33 128 0
-79 34 -128 0
-79 -34 128 0
-80 19 -125 0
-80 -19 125 0
-80 20 -125 0
-80 -20 125 0
-80 21 -125 0
-80 -21 125 0
-80 22 -125 0
-80 -22 125 0
-80 23 -127 0
-80 -23 127 0
-80 24 -127 0
-80 -24 127 0
-80 25 -127 0
-80 -25 127 0
-80 26 -127 0
-80 -26 127 0
-80 27 -126 0
-80 -27 126 0
-80 28 -126 0
-80 -28 126 0
-80 29 -126 0
-80 -29 126 0
-80 30 -126 0
-80 -30 126 0
-80 31 -128 0
-80 -31 128 0
-80 32 -128 0
-80 -32 128 0
-80 33 -128 0
-80 -33 128 0
-80 34 -128 0
-80 -34 128 0
-81 19 -125 2 0
-81 19 -126 -2 0
-81 -19 125 2 0
-81 -19 126 -2 0
-81 20 -127 3 0
-81 20 -128 -3 0
-81 -20 127 3 0
-81 -20 128 -3 0
-81 21 -125 4 0
-81 21 -126 -4 0
-81 -21 125 4 0
-81 -21 126 -4 0
-81 22 -127 5 0
-81 22 -128 -5 0
-81 -22 127 5 0
-81 -22 128 -5 0
-81 23 -125 6 0
-81 23 -126 -6 0
-81 -23 125 6 0
-81 -23 126 -6 0
-81 24 -127 7 0
-81 24 -128 -7 0
-81 -24 127 7 0
-81 -24 128 -7 0
-81 25 -125 8 0
-81 25 -126 -8 0
-81 -25 125 8 0
-81 -25 126 -8 0
-81 26 -127 9 0
-81 26 -128 -9 0
-81 -26 127 9 0
-81 -26 128 -9 0
-81 27 -125 10 0
-81 27 -126 -10 0
-81 -27 125 10 0
-81 -27 126 -10 0
-81 28 -127 11 0
-81 28 -128 -11 0
-81 -28 127 11 0
-81 -28 128 -11 0
-81 29 -125 12 0
-81 29 -126 -12 0
-81 -29 125 12 0
-81 -29 126 -12 0
-81 30 -127 13 0
-81 30 -128 -13 0
-81 -30 127 13 0
-81 -30 128 -13 0
-81 31 -125 14 0
-81 31 -126 -14 0
-81 -31 125 14 0
-81 -31 126 -14 0
-81 32 -127 15 0
-81 32 -128 -15 0
-81 -32 127 15 0
-81 -32 128 -15 0
-81 33 -125 16 0
-81 33 -126 -16 0
-81 -33 125 16 0
-81 -33 126 -16 0
-81 34 -127 17 0
-81 34 -128 -17 0
-81 -34 127 17 0
-81 -34 128 -17 0
-82 19 -125 2 0
-82 19 -126 -2 0
-82 -19 125 2 0
-82 -19 126 -2 0
-82 20 -125 3 0
-82 20 -126 -3 0
-82 -20 125 3 0
-82 -20 126 -3 0
-82 21 -127 4 0
-82 21 -128 -4 0
-82 -21 127 4 0
-82 -21 128 -4 0
-82 22 -127 5 0
-82 22 -128 -5 0
-82 -22 127 5 0
-82 -22 128 -5 0
-82 23 -125 6 0
-82 23 -126 -6 0
-82 -23 125 6 0
-82 -23 126 -6 0
-82 24 -125 7 0
-82 24 -126 -7 0
-82 -24 125 7 0
-82 -24 126 -7 0
-82 25 -127 8 0
-82 25 -128 -8 0
-82 -25 127 8 0
-82 -25 128 -8 0
-82 26 -127 9 0
-82 26 -128 -9 0
-82 -26 127 9 0
-82 -26 128 -9 0
-82 27 -125 10 0
-82 27 -126 -10 0
-82 -27 125 10 0
-82 -27 126 -10 0
-82 28 -125 11 0
-82 28 -126 -11 0
-82 -28 125 11 0
-82 -28 126 -11 0
-82 29 -127 12 0
-82 29 -128 -12 0
-82 -29 127 12 0
-82 -29 128 -12 0
-82 30 -127 13 0
-82 30 -128 -13 0
-82 -30 127 13 0
-82 -30 128 -13 0
-82 31 -125 14 0
-82 31 -126 -14 0
-82 -31 125 14 0
-82 -31 126 -14 0
-82 32 -125 15 0
-82 32 -126 -15 0
-82 -32 125 15 0
-82 -32 126 -15 0
-82 33 -127 16 0
-82 33 -128 -16 0
-82 -33 127 16 0
-82 -33 128 -16 0
-82 34 -127 17 0
-82 34 -128 -17 0
-82 -34 127 17 0
-82 -34 128 -17 0
-83 19 -125 2 0
-83 19 -126 -2 0
-83 -19 125 2 0
-83 -19 126 -2 0
-83 20 -125 3 0
-83 20 -126 -3 0
-83 -20 125 3 0
-83 -20 126 -3 0
-83 21 -125 4 0
-83 21 -126 -4 0
-83 -21 125 4 0
-83 -21 126 -4 0
-83 22 -125 5 0
-83 22 -126 -5 0
-83 -22 125 5 0
-83 -22 126 -5 0
-83 23 -127 6 0
-83 23 -128 -6 0
-83 -23 127 6 0
-83 -23 128 -6 0
-83 24 -127 7 0
-83 24 -128 -7 0
-83 -24 127 7 0
-83 -24 128 -7 0
-83 25 -127 8 0
-83 25 -128 -8 0
-83 -25 127 8 0
-83 -25 128 -8 0
-83 26 -127 9 0
-83 26 -128 -9 0
-83 -26 127 9 0
-83 -26 128 -9 0
-83 27 -125 10 0
-83 27 -126 -10 0
-83 -27 125 10 0
-83 -27 126 -10 0
-83 28 -125 11 0
-83 28 -126 -11 0
-83 -28 125 11 0
-83 -28 126 -11 0
-83 29 -125 12 0
-83 29 -126 -12 0
-83 -29 125 12 0
-83 -29 126 -12 0
-83 30 -125 13 0
-83 30 -126 -13 0
-83 -30 125 13 0
-83 -30 126 -13 0
-83 31 -127 14 0
-83 31 -128 -14 0
-83 -31 127 14 0
-83 -31 128 -14 0
-83 32 -127 15 0
-83 32 -128 -15 0
-83 -32 127 15 0
-83 -32 128 -15 0
-83 33 -127 16 0
-83 33 -128 -16 0
-83 -33 127 16 0
-83 -33 128 -16 0
-83 34 -127 17 0
-83 34 -128 -17 0
-83 -34 127 17 0
-83 -34 128 -17 0
-84 19 -125 2 0
-84 19 -126 -2 0
-84 -19 125 2 0
-84 -19 126 -2 0
-84 20 -125 3 0
-84 20 -126 -3 0
-84 -20 125 3 0
-84 -20 126 -3 0
-84 21 -125 4 0
-84 21 -126 -4 0
-84 -21 125 4 0
-84 -21 126 -4 0
-84 22 -125 5 0
-84 22 -126 -5 0
-84 -22 125 5 0
-84 -22 126 -5 0
-84 23 -125 6 0
-84 23 -126 -6 0
-84 -23 125 6 0
-84 -23 126 -6 0
-84 24 -125 7 0
-84 24 -126 -7 0
-84 -24 125 7 0
-84 -24 126 -7 0
-84 25 -125 8 0
-84 25 -126 -8 0
-84 -25 125 8 0
-84 -25 126 -8 0
-84 26 -125 9 0
-84 26 -126 -9 0
-84 -26 125 9 0
-84 -26 126 -9 0
-84 27 -127 10 0
-84 27 -128 -10 0
-84 -27 127 10 0
-84 -27 128 -10 0
-84 28 -127 11 0
-84 28 -128 -11 0
-84 -28 127 11 0
-84 -28 128 -11 0
-84 29 -127 12 0
-84 29 -128 -12 0
-84 -29 127 12 0
-84 -29 128 -12 0
-84 30 -127 13 0
-84 30 -128 -13 0
-84 -30 127 13 0
-84 -30 128 -13 0
-84 31 -127 14 0
-84 31 -128 -14 0
-84 -31 127 14 0
-84 -31 128 -14 0
-84 32 -127 15 0
-84 32 -128 -15 0
-84 -32 127 15 0
-84 -32 128 -15 0
-84 33 -127 16 0
-84 33 -128 -16 0
-84 -33 127 16 0
-84 -33 128 -16 0
-84 34 -127 17 0
-84 34 -128 -17 0
-84 -34 127 17 0
-84 -34 128 -17 0
-85 36 -129 0
-85 -36 129 0
-85 37 -131 0
-85 -37 131 0
-85 38 -130 0
-85 -38 130 0
-85 39 -132 0
-85 -39 132 0
-85 40 -129 0
-85 -40 129 0
-85 41 -131 0
-85 -41 131 0
-85 42 -130 0
-85 -42 130 0
-85 43 -132 0
-85 -43 132 0
-85 44 -129 0
-85 -44 129 0
-85 45 -131 0
-85 -45 131 0
-85 46 -130 0
-85 -46 130 0
-85 47 -132 0
-85 -47 132 0
-85 48 -129 0
-85 -48 129 0
-85 49 -131 0
-85 -49 131 0
-85 50 -130 0
-85 -50 130 0
-85 51 -132 0
-85 -51 132 0
-86 36 -129 0
-86 -36 129 0
-86 37 -131 0
-86 -37 131 0
-86 38 -129 0
-86 -38 129 0
-86 39 -131 0
-86 -39 131 0
-86 40 -130 0
-86 -40 130 0
-86 41 -132 0
-86 -41 132 0
-86 42 -130 0
-86 -42 130 0
-86 43 -132 0
-86 -43 132 0
-86 44 -129 0
-86 -44 129 0
-86 45 -131 0
-86 -45 131 0
-86 46 -129 0
-86 -46 129 0
-86 47 -131 0
-86 -47 131 0
-86 48 -130 0
-86 -48 130 0
-86 49 -132 0
-86 -49 132 0
-86 50 -130 0
-86 -50 130 0
-86 51 -132 0
-86 -51 132 0
-87 36 -129 0
-87 -36 129 0
-87 37 -129 0
-87 -37 129 0
-87 38 -131 0
-87 -38 131 0
-87 39 -131 0
-87 -39 131 0
-87 40 -130 0
-87 -40 130 0
-87 41 -130 0
-87 -41 130 0
-87 42 -132 0
-87 -42 132 0
-87 43 -132 0
-87 -43 132 0
-87 44 -129 0
-87 -44 129 0
-87 45 -129 0
-87 -45 129 0
-87 46 -131 0
-87 -46 131 0
-87 47 -131 0
-87 -47 131 0
-87 48 -130 0
-87 -48 130 0
-87 49 -130 0
-87 -49 130 0
-87 50 -132 0
-87 -50 132 0
-87 51 -132 0
-87 -51 132 0
-88 36 -129 0
-88 -36 129 0
-88 37 -131 0
-88 -37 131 0
-88 38 -129 0
-88 -38 129 0
-88 39 -131 0
-88 -39 131 0
-88 40 -129 0
-88 -40 129 0
-88 41 -131 0
-88 -41 131 0
-88 42 -129 0
-88 -42 129 0
-88 43 -131 0
-88 -43 131 0
-88 44 -130 0
-88 -44 130 0
-88 45 -132 0
-88 -45 132 0
-88 46 -130 0
-88 -46 130 0
-88 47 -132 0
-88 -47 132 0
-88 48 -130 0
-88 -48 130 0
-88 49 -132 0
-88 -49 132 0
-88 50 -130 0
-88 -50 130 0
-88 51 -132 0
-88 -51 132 0
-89 36 -129 0
-89 -36 129 0
-89 37 -129 0
-89 -37 129 0
-89 38 -131 0
-89 -38 131 0
-89 39 -131 0
-89 -39 131 0
-89 40 -129 0
-89 -40 129 0
-89 41 -129 0
-89 -41 129 0
-89 42 -131 0
-89 -42 131 0
-89 43 -131 0
-89 -43 131 0
-89 44 -130 0
-89 -44 130 0
-89 45 -130 0
-89 -45 130 0
-89 46 -132 0
-89 -46 132 0
-89 47 -132 0
-89 -47 132 0
-89 48 -130 0
-89 -48 130 0
-89 49 -130 0
-89 -49 130 0
-89 50 -132 0
-89 -50 132 0
-89 51 -132 0
-89 -51 132 0
-90 36 -129 0
-90 -36 129 0
-90 37 -129 0
-90 -37 129 0
-90 38 -129 0
-90 -38 129 0
-90 39 -129 0
-90 -39 129 0
-90 40 -131 0
-90 -40 131 0
-90 41 -131 0
-90 -41 131 0
-90 42 -131 0
-90 -42 131 0
-90 43 -131 0
-90 -43 131 0
-90 44 -130 0
-90 -44 130 0
-90 45 -130 0
-90 -45 130 0
-90 46 -130 0
-90 -46 130 0
-90 47 -130 0
-90 -47 130 0
-90 48 -132 0
-90 -48 132 0
-90 49 -132 0
-90 -49 132 0
-90 50 -132 0
-90 -50 132 0
-90 51 -132 0
-90 -51 132 0
-91 36 -129 2 0
-91 36 -130 -2 0
-91 -36 129 2 0
-91 -36 130 -2 0
-91 37 -131 3 0
-91 37 -132 -3 0
-91 -37 131 3 0
-91 -37 132 -3 0
-91 38 -129 4 0
-91 38 -130 -4 0
-91 -38 129 4 0
-91 -38 130 -4 0
-91 39 -131 5 0
-91 39 -132 -5 0
-91 -39 131 5 0
-91 -39 132 -5 0
-91 40 -129 6 0
-91 40 -130 -6 0
-91 -40 129 6 0
-91 -40 130 -6 0
-91 41 -131 7 0
-91 41 -132 -7 0
-91 -41 131 7 0
-91 -41 132 -7 0
-91 42 -129 8 0
-91 42 -130 -8 0
-91 -42 129 8 0
-91 -42 130 -8 0
-91 43 -131 9 0
-91 43 -132 -9 0
-91 -43 131 9 0
-91 -43 132 -9 0
-91 44 -129 10 0
-91 44 -130 -10 0
-91 -44 129 10 0
-91 -44 130 -10 0
-91 45 -131 11 0
-91 45 -132 -11 0
-91 -45 131 11 0
-91 -45 132 -11 0
-91 46 -129 12 0
-91 46 -130 -12 0
-91 -46 129 12 0
-91 -46 130 -12 0
-91 47 -131 13 0
-91 47 -132 -13 0
-91 -47 131 13 0
-91 -47 132 -13 0
-91 48 -129 14 0
-91 48 -130 -14 0
-91 -48 129 14 0
-91 -48 130 -14 0
-91 49 -131 15 0
-91 49 -132 -15 0
-91 -49 131 15 0
-91 -49 132 -15 0
-91 50 -129 16 0
-91 50 -130 -16 0
-91 -50 129 16 0
-91 -50 130 -16 0
-91 51 -131 17 0
-91 51 -132 -17 0
-91 -51 131 17 0
-91 -51 132 -17 0
-92 36 -129 2 0
-92 36 -130 -2 0
-92 -36 129 2 0
-92 -36 130 -2 0
-92 37 -129 3 0
-92 37 -130 -3 0
-92 -37 129 3 0
-92 -37 130 -3 0
-92 38 -131 4 0
-92 38 -132 -4 0
-92 -38 131 4 0
-92 -38 132 -4 0
-92 39 -131 5 0
-92 39 -132 -5 0
-92 -39 131 5 0
-92 -39 132 -5 0
-92 40 -129 6 0
-92 40 -130 -6 0
-92 -40 129 6 0
-92 -40 130 -6 0
-92 41 -129 7 0
-92 41 -130 -7 0
-92 -41 129 7 0
-92 -41 130 -7 0
-92 42 -131 8 0
-92 42 -132 -8 0
-92 -42 131 8 0
-92 -42 132 -8 0
-92 43 -131 9 0
-92 43 -132 -9 0
-92 -43 131 9 0
-92 -43 132 -9 0
-92 44 -129 10 0
-92 44 -130 -10 0
-92 -44 129 10 0
-92 -44 130 -10 0
-92 45 -129 11 0
-92 45 -130 -11 0
-92 -45 129 11 0
-92 -45 130 -11 0
-92 46 -131 12 0
-92 46 -132 -12 0
-92 -46 131 12 0
-92 -46 132 -12 0
-92 47 -131 13 0
-92 47 -132 -13 0
-92 -47 131 13 0
-92 -47 132 -13 0
-92 48 -129 14 0
-92 48 -130 -14 0
-92 -48 129 14 0
-92 -48 130 -14 0
-92 49 -129 15 0
-92 49 -130 -15 0
-92 -49 129 15 0
-92 -49 130 -15 0
-92 50 -131 16 0
-92 50 -132 -16 0
-92 -50 131 16 0
-92 -50 132 -16 0
-92 51 -131 17 0
-92 51 -132 -17 0
-92 -51 131 17 0
-92 -51 132 -17 0
-93 36 -129 2 0
-93 36 -130 -2 0
-93 -36 129 2 0
-93 -36 130 -2 0
-93 37 -129 3 0
-93 37 -130 -3 0
-93 -37 129 3 0
-93 -37 130 -3 0
-93 38 -129 4 0
-93 38 -130 -4 0
-93 -38 129 4 0
-93 -38 130 -4 0
-93 39 -129 5 0
-93 39 -130 -5 0
-93 -39 129 5 0
-93 -39 130 -5 0
-93 40 -131 6 0
-93 40 -132 -6 0
-93 -40 131 6 0
-93 -40 132 -6 0
-93 41 -131 7 0
-93 41 -132 -7 0
-93 -41 131 7 0
-93 -41 132 -7 0
-93 42 -131 8 0
-93 42 -132 -8 0
-93 -42 131 8 0
-93 -42 132 -8 0
-93 43 -131 9 0
-93 43 -132 -9 0
-93 -43 131 9 0
-93 -43 132 -9 0
-93 44 -129 10 0
-93 44 -130 -10 0
-93 -44 129 10 0
-93 -44 130 -10 0
-93 45 -129 11 0
-93 45 -130 -11 0
-93 -45 129 11 0
-93 -45 130 -11 0
-93 46 -129 12 0
-93 46 -130 -12 0
-93 -46 129 12 0
-93 -46 130 -12 0
-93 47 -129 13 0
-93 47 -130 -13 0
-93 -47 129 13 0
-93 -47 130 -13 0
-93 48 -131 14 0
-93 48 -132 -14 0
-93 -48 131 14 0
-93 -48 132 -14 0
-93 49 -131 15 0
-93 49 -132 -15 0
-93 -49 131 15 0
-93 -49 132 -15 0
-93 50 -131 16 0
-93 50 -132 -16 0
-93 -50 131 16 0
-93 -50 132 -16 0
-93 51 -131 17 0
-93 51 -132 -17 0
-93 -51 131 17 0
-93 -51 132 -17 0
-94 36 -129 2 0
-94 36 -130 -2 0
-94 -36 129 2 0
-94 -36 130 -2 0
-94 37 -129 3 0
-94 37 -130 -3 0
-94 -37 129 3 0
-94 -37 130 -3 0
-94 38 -129 4 0
-94 38 -130 -4 0
-94 -38 129 4 0
-94 -38 130 -4 0
-94 39 -129 5 0
-94 39 -130 -5 0
-94 -39 129 5 0
-94 -39 130 -5 0
-94 40 -129 6 0
-94 40 -130 -6 0
-94 -40 129 6 0
-94 -40 130 -6 0
-94 41 -129 7 0
-94 41 -130 -7 0
-94 -41 129 7 0
-94 -41 130 -7 0
-94 42 -129 8 0
-94 42 -130 -8 0
-94 -42 129 8 0
-94 -42 130 -8 0
-94 43 -129 9 0
-94 43 -130 -9 0
-94 -43 129 9 0
-94 -43 130 -9 0
-94 44 -131 10 0
-94 44 -132 -10 0
-94 -44 131 10 0
-94 -44 132 -10 0
-94 45 -131 11 0
-94 45 -132 -11 0
-94 -45 131 11 0
-94 -45 132 -11 0
-94 46 -131 12 0
-94 46 -132 -12 0
-94 -46 131 12 0
-94 -46 132 -12 0
-94 47 -131 13 0
-94 47 -132 -13 0
-94 -47 131 13 0
-94 -47 132 -13 0
-94 48 -131 14 0
-94 48 -132 -14 0
-94 -48 131 14 0
-94 -48 132 -14 0
-94 49 -131 15 0
-94 49 -132 -15 0
-94 -49 131 15 0
-94 -49 132 -15 0
-94 50 -131 16 0
-94 50 -132 -16 0
-94 -50 131 16 0
-94 -50 132 -16 0
-94 51 -131 17 0
-94 51 -132 -17 0
-94 -51 131 17 0
-94 -51 132 -17 0
-95 36 -129 19 0
-95 36 -130 -19 0
-95 -36 129 19 0
-95 -36 130 -19 0
-95 37 -131 20 0
-95 37 -132 -20 0
-95 -37 131 20 0
-95 -37 132 -20 0
-95 38 -129 21 0
-95 38 -130 -21 0
-95 -38 129 21 0
-95 -38 130 -21 0
-95 39 -131 22 0
-95 39 -132 -22 0
-95 -39 131 22 0
-95 -39 132 -22 0
-95 40 -129 23 0
-95 40 -130 -23 0
-95 -40 129 23 0
-95 -40 130 -23 0
-95 41 -131 24 0
-95 41 -132 -24 0
-95 -41 131 24 0
-95 -41 132 -24 0
-95 42 -129 25 0
-95 42 -130 -25 0
-95 -42 129 25 0
-95 -42 130 -25 0
-95 43 -131 26 0
-95 43 -132 -26 0
-95 -43 131 26 0
-95 -43 132 -26 0
-95 44 -129 27 0
-95 44 -130 -27 0
-95 -44 129 27 0
-95 -44 130 -27 0
-95 45 -131 28 0
-95 45 -132 -28 0
-95 -45 131 28 0
-95 -45 132 -28 0
-95 46 -129 29 0
-95 46 -130 -29 0
-95 -46 129 29 0
-95 -46 130 -29 0
-95 47 -131 30 0
-95 47 -132 -30 0
-95 -47 131 30 0
-95 -47 132 -30 0
-95 48 -129 31 0
-95 48 -130 -31 0
-95 -48 129 31 0
-95 -48 130 -31 0
-95 49 -131 32 0
-95 49 -132 -32 0
-95 -49 131 32 0
-95 -49 132 -32 0
-95 50 -129 33 0
-95 50 -130 -33 0
-95 -50 129 33 0
-95 -50 130 -33 0
-95 51 -131 34 0
-95 51 -132 -34 0
-95 -51 131 34 0
-95 -51 132 -34 0
-96 36 -129 19 0
-96 36 -130 -19 0
-96 -36 129 19 0
-96 -36 130 -19 0
-96 37 -129 20 0
-96 37 -130 -20 0
-96 -37 129 20 0
-96 -37 130 -20 0
-96 38 -131 21 0
-96 38 -132 -21 0
-96 -38 131 21 0
-96 -38 132 -21 0
-96 39 -131 22 0
-96 39 -132 -22 0
-96 -39 131 22 0
-96 -39 132 -22 0
-96 40 -129 23 0
-96 40 -130 -23 0
-96 -40 129 23 0
-96 -40 130 -23 0
-96 41 -129 24 0
-96 41 -130 -24 0
-96 -41 129 24 0
-96 -41 130 -24 0
-96 42 -131 25 0
-96 42 -132 -25 0
-96 -42 131 25 0
-96 -42 132 -25 0
-96 43 -131 26 0
-96 43 -132 -26 0
-96 -43 131 26 0
-96 -43 132 -26 0
-96 44 -129 27 0
-96 44 -130 -27 0
-96 -44 129 27 0
-96 -44 130 -27 0
-96 45 -129 28 0
-96 45 -130 -28 0
-96 -45 129 28 0
-96 -45 130 -28 0
-96 46 -131 29 0
-96 46 -132 -29 0
-96 -46 131 29 0
-96 -46 132 -29 0
-96 47 -131 30 0
-96 47 -132 -30 0
-96 -47 131 30 0
-96 -47 132 -30 0
-96 48 -129 31 0
-96 48 -130 -31 0
-96 -48 129 31 0
-96 -48 130 -31 0
-96 49 -129 32 0
-96 49 -130 -32 0
-96 -49 129 32 0
-96 -49 130 -32 0
-96 50 -131 33 0
-96 50 -132 -33 0
-96 -50 131 33 0
-96 -50 132 -33 0
-96 51 -131 34 0
-96 51 -132 -34 0
-96 -51 131 34 0
-96 -51 132 -34 0
-97 36 -129 19 0
-97 36 -130 -19 0
-97 -36 129 19 0
-97 -36 130 -19 0
-97 37 -129 20 0
-97 37 -130 -20 0
-97 -37 129 20 0
-97 -37 130 -20 0
-97 38 -129 21 0
-97 38 -130 -21 0
-97 -38 129 21 0
-97 -38 130 -21 0
-97 39 -129 22 0
-97 39 -130 -22 0
-97 -39 129 22 0
-97 -39 130 -22 0
-97 40 -131 23 0
-97 40 -132 -23 0
-97 -40 131 23 0
-97 -40 132 -23 0
-97 41 -131 24 0
-97 41 -132 -24 0
-97 -41 131 24 0
-97 -41 132 -24 0
-97 42 -131 25 0
-97 42 -132 -25 0
-97 -42 131 25 0
-97 -42 132 -25 0
-97 43 -131 26 0
-97 43 -132 -26 0
-97 -43 131 26 0
-97 -43 132 -26 0
-97 44 -129 27 0
-97 44 -130 -27 0
-97 -44 129 27 0
-97 -44 130 -27 0
-97 45 -129 28 0
-97 45 -130 -28 0
-97 -45 129 28 0
-97 -45 130 -28 0
-97 46 -129 29 0
-97 46 -130 -29 0
-97 -46 129 29 0
-97 -46 130 -29 0
-97 47 -129 30 0
-97 47 -130 -30 0
-97 -47 129 30 0
-97 -47 130 -30 0
-97 48 -131 31 0
-97 48 -132 -31 0
-97 -48 131 31 0
-97 -48 132 -31 0
-97 49 -131 32 0
-97 49 -132 -32 0
-97 -49 131 32 0
-97 -49 132 -32 0
-97 50 -131 33 0
-97 50 -132 -33 0
-97 -50 131 33 0
-97 -50 132 -33 0
-97 51 -131 34 0
-97 51 -132 -34 0
-97 -51 131 34 0
-97 -51 132 -34 0
-98 36 -129 19 0
-98 36 -130 -19 0
-98 -36 129 19 0
-98 -36 130 -19 0
-98 37 -129 20 0
-98 37 -130 -20 0
-98 -37 129 20 0
-98 -37 130 -20 0
-98 38 -129 21 0
-98 38 -130 -21 0
-98 -38 129 21 0
-98 -38 130 -21 0
-98 39 -129 22 0
-98 39 -130 -22 0
-98 -39 129 22 0
-98 -39 130 -22 0
-98 40 -129 23 0
-98 40 -130 -23 0
-98 -40 129 23 0
-98 -40 130 -23 0
-98 41 -129 24 0
-98 41 -130 -24 0
-98 -41 129 24 0
-98 -41 130 -24 0
-98 42 -129 25 0
-98 42 -130 -25 0
-98 -42 129 25 0
-98 -42 130 -25 0
-98 43 -129 26 0
-98 43 -130 -26 0
-98 -43 129 26 0
-98 -43 130 -26 0
-98 44 -131 27 0
-98 44 -132 -27 0
-98 -44 131 27 0
-98 -44 132 -27 0
-98 45 -131 28 0
-98 45 -132 -28 0
-98 -45 131 28 0
-98 -45 132 -28 0
-98 46 -131 29 0
-98 46 -132 -29 0
-98 -46 131 29 0
-98 -46 132 -29 0
-98 47 -131 30 0
-98 47 -132 -30 0
-98 -47 131 30 0
-98 -47 132 -30 0
-98 48 -131 31 0
-98 48 -132 -31 0
-98 -48 131 31 0
-98 -48 132 -31 0
-98 49 -131 32 0
-98 49 -132 -32 0
-98 -49 131 32 0
-98 -49 132 -32 0
-98 50 -131 33 0
-98 50 -132 -33 0
-98 -50 131 33 0
-98 -50 132 -33 0
-98 51 -131 34 0
-98 51 -132 -34 0
-98 -51 131 34 0
-98 -51 132 -34 0
-99 36 -129 2 19 0
-99 36 -130 2 -19 0
-99 36 -131 -2 19 0
-99 36 -132 -2 -19 0
-99 -36 129 2 19 0
-99 -36 130 2 -19 0
-99 -36 131 -2 19 0
-99 -36 132 -2 -19 0
-99 37 -129 3 20 0
-99 37 -130 3 -20 0
-99 37 -131 -3 20 0
-99 37 -132 -3 -20 0
-99 -37 129 3 20 0
-99 -37 130 3 -20 0
-99 -37 131 -3 20 0
-99 -37 132 -3 -20 0
-99 38 -129 4 21 0
-99 38 -130 4 -21 0
-99 38 -131 -4 21 0
-99 38 -132 -4 -21 0
-99 -38 129 4 21 0
-99 -38 130 4 -21 0
-99 -38 131 -4 21 0
-99 -38 132 -4 -21 0
-99 39 -129 5 22 0
-99 39 -130 5 -22 0
-99 39 -131 -5 22 0
-99 39 -132 -5 -22 0
-99 -39 129 5 22 0
-99 -39 130 5 -22 0
-99 -39 131 -5 22 0
-99 -39 132 -5 -22 0
-99 40 -129 6 23 0
-99 40 -130 6 -23 0
-99 40 -131 -6 23 0
-99 40 -132 -6 -23 0
-99 -40 129 6 23 0
-99 -40 130 6 -23 0
-99 -40 131 -6 23 0
-99 -40 132 -6 -23 0
-99 41 -129 7 24 0
-99 41 -130 7 -24 0
-99 41 -131 -7 24 0
-99 41 -132 -7 -24 0
-99 -41 129 7 24 0
-99 -41 130 7 -24 0
-99 -41 131 -7 24 0
-99 -41 132 -7 -24 0
-99 42 -129 8 25 0
-99 42 -130 8 -25 0
-99 42 -131 -8 25 0
-99 42 -132 -8 -25 0
-99 -42 129 8 25 0
-99 -42 130 8 -25 0
-99 -42 131 -8 25 0
-99 -42 132 -8 -25 0
-99 43 -129 9 26 0
-99 43 -130 9 -26 0
-99 43 -131 -9 26 0
-99 43 -132 -9 -26 0
-99 -43 129 9 26 0
-99 -43 130 9 -26 0
-99 -43 131 -9 26 0
-99 -43 132 -9 -26 0
-99 44 -129 10 27 0
-99 44 -130 10 -27 0
-99 44 -131 -10 27 0
-99 44 -132 -10 -27 0
-99 -44 129 10 27 0
-99 -44 130 10 -27 0
-99 -44 131 -10 27 0
-99 -44 132 -10 -27 0
-99 45 -129 11 28 0
-99 45 -130 11 -28 0
-99 45 -131 -11 28 0
-99 45 -132 -11 -28 0
-99 -45 129 11 28 0
-99 -45 130 11 -28 0
-99 -45 131 -11 28 0
-99 -45 132 -11 -28 0
-99 46 -129 12 29 0
-99 46 -130 12 -29 0
-99 46 -131 -12 29 0
-99 46 -132 -12 -29 0
-99 -46 129 12 29 0
-99 -46 130 12 -29 0
-99 -46 131 -12 29 0
-99 -46 132 -12 -29 0
-99 47 -129 13 30 0
-99 47 -130 13 -30 0
-99 47 -131 -13 30 0
-99 47 -132 -13 -30 0
-99 -47 129 13 30 0
-99 -47 130 13 -30 0
-99 -47 131 -13 30 0
-99 -47 132 -13 -30 0
-99 48 -129 14 31 0
-99 48 -130 14 -31 0
-99 48 -131 -14 31 0
-99 48 -132 -14 -31 0
-99 -48 129 14 31 0
-99 -48 130 14 -31 0
-99 -48 131 -14 31 0
-99 -48 132 -14 -31 0
-99 49 -129 15 32 0
-99 49 -130 15 -32 0
-99 49 -131 -15 32 0
-99 49 -132 -15 -32 0
-99 -49 129 15 32 0
-99 -49 130 15 -32 0
-99 -49 131 -15 32 0
-99 -49 132 -15 -32 0
-99 50 -129 16 33 0
-99 50 -130 16 -33 0
-99 50 -131 -16 33 0
-99 50 -132 -16 -33 0
-99 -50 129 16 33 0
-99 -50 130 16 -33 0
-99 -50 131 -16 33 0
-99 -50 132 -16 -33 0
-99 51 -129 17 34 0
-99 51 -130 17 -34 0
-99 51 -131 -17 34 0
-99 51 -132 -17 -34 0
-99 -51 129 17 34 0
-99 -51 130 17 -34 0
-99 -51 131 -17 34 0
-99 -51 132 -17 -34 0
-100 53 -133 0
-100 -53 133 0
-100 54 -135 0
-100 -54 135 0
-100 55 -134 0
-100 -55 134 0
-100 56 -136 0
-100 -56 136 0
-100 57 -133 0
-100 -57 133 0
-100 58 -135 0
-100 -58 135 0
-100 59 -134 0
-100 -59 134 0
-100 60 -136 0
-100 -60 136 0
-100 61 -133 0
-100 -61 133 0
-100 62 -135 0
-100 -62 135 0
-100 63 -134 0
-100 -63 134 0
-100 64 -136 0
-100 -64 136 0
-100 65 -133 0
-100 -65 133 0
-100 66 -135 0
-100 -66 135 0
-100 67 -134 0
-100 -67 134 0
-100 68 -136 0
-100 -68 136 0
-101 53 -133 0
-101 -53 133 0
-101 54 -135 0
-101 -54 135 0
-101 55 -133 0
-101 -55 133 0
-101 56 -135 0
-101 -56 135 0
-101 57 -134 0
-101 -57 134 0
-101 58 -136 0
-101 -58 136 0
-101 59 -134 0
-101 -59 134 0
-101 60 -136 0
-101 -60 136 0
-101 61 -133 0
-101 -61 133 0
-101 62 -135 0
-101 -62 135 0
-101 63 -133 0
-101 -63 133 0
-101 64 -135 0
-101 -64 135 0
-101 65 -134 0
-101 -65 134 0
-101 66 -136 0
-101 -66 136 0
-101 67 -134 0
-101 -67 134 0
-101 68 -136 0
-101 -68 136 0
-102 53 -133 0
-102 -53 133 0
-102 54 -133 0
-102 -54 133 0
-102 55 -135 0
-102 -55 135 0
-102 56 -135 0
-102 -56 135 0
-102 57 -134 0
-102 -57 134 0
-102 58 -134 0
-102 -58 134 0
-102 59 -136 0
-102 -59 136 0
-102 60 -136 0
-102 -60 136 0
-102 61 -133 0
-102 -61 133 0
-102 62 -133 0
-102 -62 133 0
-102 63 -135 0
-102 -63 135 0
-102 64 -135 0
-102 -64 135 0
-102 65 -134 0
-102 -65 134 0
-102 66 -134 0
-102 -66 134 0
-102 67 -136 0
-102 -67 136 0
-102 68 -136 0
-102 -68 136 0
-103 53 -133 0
-103 -53 133 0
-103 54 -135 0
-103 -54 135 0
-103 55 -133 0
-103 -55 133 0
-103 56 -135 0
-103 -56 135 0
-103 57 -133 0
-103 -57 133 0
-103 58 -135 0
-103 -58 135 0
-103 59 -133 0
-103 -59 133 0
-103 60 -135 0
-103 -60 135 0
-103 61 -134 0
-103 -61 134 0
-103 62 -136 0
-103 -62 136 0
-103 63 -134 0
-103 -63 134 0
-103 64 -136 0
-103 -64 136 0
-103 65 -134 0
-103 -65 134 0
-103 66 -136 0
-103 -66 136 0
-103 67 -134 0
-103 -67 134 0
-103 68 -136 0
-103 -68 136 0
-104 53 -133 0
-104 -53 133 0
-104 54 -133 0
-104 -54 133 0
-104 55 -135 0
-104 -55 135 0
-104 56 -135 0
-104 -56 135 0
-104 57 -133 0
-104 -57 133 0
-104 58 -133 0
-104 -58 133 0
-104 59 -135 0
-104 -59 135 0
-104 60 -135 0
-104 -60 135 0
-104 61 -134 0
-104 -61 134 0
-104 62 -134 0
-104 -62 134 0
-104 63 -136 0
-104 -63 136 0
-104 64 -136 0
-104 -64 136 0
-104 65 -134 0
-104 -65 134 0
-104 66 -134 0
-104 -66 134 0
-104 67 -136 0
-104 -67 136 0
-104 68 -136 0
-104 -68 136 0
-105 53 -133 0
-105 -53 133 0
-105 54 -133 0
-105 -54 133 0
-105 55 -133 0
-105 -55 133 0
-105 56 -133 0
-105 -56 133 0
-105 57 -135 0
-105 -57 135 0
-105 58 -135 0
-105 -58 135 0
-105 59 -135 0
-105 -59 135 0
-105 60 -135 0
-105 -60 135 0
-105 61 -134 0
-105 -61 134 0
-105 62 -134 0
-105 -62 134 0
-105 63 -134 0
-105 -63 134 0
-105 64 -134 0
-105 -64 134 0
-105 65 -136 0
-105 -65 136 0
-105 66 -136 0
-105 -66 136 0
-105 67 -136 0
-105 -67 136 0
-105 68 -136 0
-105 -68 136 0
-106 53 -133 2 0
-106 53 -134 -2 0
-106 -53 133 2 0
-106 -53 134 -2 0
-106 54 -135 3 0
-106 54 -136 -3 0
-106 -54 135 3 0
-106 -54 136 -3 0
-106 55 -133 4 0
-106 55 -134 -4 0
-106 -55 133 4 0
-106 -55 134 -4 0
-106 56 -135 5 0
-106 56 -136 -5 0
-106 -56 135 5 0
-106 -56 136 -5 0
-106 57 -133 6 0
-106 57 -134 -6 0
-106 -57 133 6 0
-106 -57 134 -6 0
-106 58 -135 7 0
-106 58 -136 -7 0
-106 -58 135 7 0
-106 -58 136 -7 0
-106 59 -133 8 0
-106 59 -134 -8 0
-106 -59 133 8 0
-106 -59 134 -8 0
-106 60 -135 9 0
-106 60 -136 -9 0
-106 -60 135 9 0
-106 -60 136 -9 0
-106 61 -133 10 0
-106 61 -134 -10 0
-106 -61 133 10 0
-106 -61 134 -10 0
-106 62 -135 11 0
-106 62 -136 -11 0
-106 -62 135 11 0
-106 -62 136 -11 0
-106 63 -133 12 0
-106 63 -134 -12 0
-106 -63 133 12 0
-106 -63 134 -12 0
-106 64 -135 13 0
-106 64 -136 -13 0
-106 -64 135 13 0
-106 -64 136 -13 0
-106 65 -133 14 0
-106 65 -134 -14 0
-106 -65 133 14 0
-106 -65 134 -14 0
-106 66 -135 15 0
-106 66 -136 -15 0
-106 -66 135 15 0
-106 -66 136 -15 0
-106 67 -133 16 0
-106 67 -134 -16 0
-106 -67 133 16 0
-106 -67 134 -16 0
-106 68 -135 17 0
-106 68 -136 -17 0
-106 -68 135 17 0
-106 -68 136 -17 0
-107 53 -133 2 0
-107 53 -134 -2 0
-107 -53 133 2 0
-107 -53 134 -2 0
-107 54 -133 3 0
-107 54 -134 -3 0
-107 -54 133 3 0
-107 -54 134 -3 0
-107 55 -135 4 0
-107 55 -136 -4 0
-107 -55 135 4 0
-107 -55 136 -4 0
-107 56 -135 5 0
-107 56 -136 -5 0
-107 -56 135 5 0
-107 -56 136 -5 0
-107 57 -133 6 0
-107 57 -134 -6 0
-107 -57 133 6 0
-107 -57 134 -6 0
-107 58 -133 7 0
-107 58 -134 -7 0
-107 -58 133 7 0
-107 -58 134 -7 0
-107 59 -135 8 0
-107 59 -136 -8 0
-107 -59 135 8 0
-107 -59 136 -8 0
-107 60 -135 9 0
-107 60 -136 -9 0
-107 -60 135 9 0
-107 -60 136 -9 0
-107 61 -133 10 0
-107 61 -134 -10 0
-107 -61 133 10 0
-107 -61 134 -10 0
-107 62 -133 11 0
-107 62 -134 -11 0
-107 -62 133 11 0
-107 -62 134 -11 0
-107 63 -135 12 0
-107 63 -136 -12 0
-107 -63 135 12 0
-107 -63 136 -12 0
-107 64 -135 13 0
-107 64 -136 -13 0
-107 -64 135 13 0
-107 -64 136 -13 0
-107 65 -133 14 0
-107 65 -134 -14 0
-107 -65 133 14 0
-107 -65 134 -14 0
-107 66 -133 15 0
-107 66 -134 -15 0
-107 -66 133 15 0
-107 -66 134 -15 0
-107 67 -135 16 0
-107 67 -136 -16 0
-107 -67 135 16 0
-107 -67 136 -16 0
-107 68 -135 17 0
-107 68 -136 -17 0
-107 -68 135 17 0
-107 -68 136 -17 0
-108 53 -133 2 0
-108 53 -134 -2 0
-108 -53 133 2 0
-108 -53 134 -2 0
-108 54 -133 3 0
-108 54 -134 -3 0
-108 -54 133 3 0
-108 -54 134 -3 0
-108 55 -133 4 0
-108 55 -134 -4 0
-108 -55 133 4 0
-108 -55 134 -4 0
-108 56 -133 5 0
-108 56 -134 -5 0
-108 -56 133 5 0
-108 -56 134 -5 0
-108 57 -135 6 0
-108 57 -136 -6 0
-108 -57 135 6 0
-108 -57 136 -6 0
-108 58 -135 7 0
-108 58 -136 -7 0
-108 -58 135 7 0
-108 -58 136 -7 0
-108 59 -135 8 0
-108 59 -136 -8 0
-108 -59 135 8 0
-108 -59 136 -8 0
-108 60 -135 9 0
-108 60 -136 -9 0
-108 -60 135 9 0
-108 -60 136 -9 0
-108 61 -133 10 0
-108 61 -134 -10 0
-108 -61 133 10 0
-108 -61 134 -10 0
-108 62 -133 11 0
-108 62 -134 -11 0
-108 -62 133 11 0
-108 -62 134 -11 0
-108 63 -133 12 0
-108 63 -134 -12 0
-108 -63 133 12 0
-108 -63 134 -12 0
-108 64 -133 13 0
-108 64 -134 -13 0
-108 -64 133 13 0
-108 -64 134 -13 0
-108 65 -135 14 0
-108 65 -136 -14 0
-108 -65 135 14 0
-108 -65 136 -14 0
-108 66 -135 15 0
-108 66 -136 -15 0
-108 -66 135 15 0
-108 -66 136 -15 0
-108 67 -135 16 0
-108 67 -136 -16 0
-108 -67 135 16 0
-108 -67 136 -16 0
-108 68 -135 17 0
-108 68 -136 -17 0
-108 -68 135 17 0
-108 -68 136 -17 0
-109 53 -133 2 0
-109 53 -134 -2 0
-109 -53 133 2 0
-109 -53 134 -2 0
-109 54 -133 3 0
-109 54 -134 -3 0
-109 -54 133 3 0
-109 -54 134 -3 0
-109 55 -133 4 0
-109 55 -134 -4 0
-109 -55 133 4 0
-109 -55 134 -4 0
-109 56 -133 5 0
-109 56 -134 -5 0
-109 -56 133 5 0
-109 -56 134 -5 0
-109 57 -133 6 0
-109 57 -134 -6 0
-109 -57 133 6 0
-109 -57 134 -6 0
-109 58 -133 7 0
-109 58 -134 -7 0
-109 -58 133 7 0
-109 -58 134 -7 0
-109 59 -133 8 0
-109 59 -134 -8 0
-109 -59 133 8 0
-109 -59 134 -8 0
-109 60 -133 9 0
-109 60 -134 -9 0
-109 -60 133 9 0
-109 -60 134 -9 0
-109 61 -135 10 0
-109 61 -136 -10 0
-109 -61 135 10 0
-109 -61 136 -10 0
-109 62 -135 11 0
-109 62 -136 -11 0
-109 -62 135 11 0
-109 -62 136 -11 0
-109 63 -135 12 0
-109 63 -136 -12 0
-109 -63 135 12 0
-109 -63 136 -12 0
-109 64 -135 13 0
-109 64 -136 -13 0
-109 -64 135 13 0
-109 -64 136 -13 0
-109 65 -135 14 0
-109 65 -136 -14 0
-109 -65 135 14 0
-109 -65 136 -14 0
-109 66 -135 15 0
-109 66 -136 -15 0
-109 -66 135 15 0
-109 -66 136 -15 0
-109 67 -135 16 0
-109 67 -136 -16 0
-109 -67 135 16 0
-109 -67 136 -16 0
-109 68 -135 17 0
-109 68 -136 -17 0
-109 -68 135 17 0
-109 -68 136 -17 0
-110 53 -133 19 0
-110 53 -134 -19 0
-110 -53 133 19 0
-110 -53 134 -19 0
-110 54 -135 20 0
-110 54 -136 -20 0
-110 -54 135 20 0
-110 -54 136 -20 0
-110 55 -133 21 0
-110 55 -134 -21 0
-110 -55 133 21 0
-110 -55 134 -21 0
-110 56 -135 22 0
-110 56 -136 -22 0
-110 -56 135 22 0
-110 -56 136 -22 0
-110 57 -133 23 0
-110 57 -134 -23 0
-110 -57 133 23 0
-110 -57 134 -23 0
-110 58 -135 24 0
-110 58 -136 -24 0
-110 -58 135 24 0
-110 -58 136 -24 0
-110 59 -133 25 0
-110 59 -134 -25 0
-110 -59 133 25 0
-110 -59 134 -25 0
-110 60 -135 26 0
-110 60 -136 -26 0
-110 -60 135 26 0
-110 -60 136 -26 0
-110 61 -133 27 0
-110 61 -134 -27 0
-110 -61 133 27 0
-110 -61 134 -27 0
-110 62 -135 28 0
-110 62 -136 -28 0
-110 -62 135 28 0
-110 -62 136 -28 0
-110 63 -133 29 0
-110 63 -134 -29 0
-110 -63 133 29 0
-110 -63 134 -29 0
-110 64 -135 30 0
-110 64 -136 -30 0
-110 -64 135 30 0
-110 -64 136 -30 0
-110 65 -133 31 0
-110 65 -134 -31 0
-110 -65 133 31 0
-110 -65 134 -31 0
-110 66 -135 32 0
-110 66 -136 -32 0
-110 -66 135 32 0
-110 -66 136 -32 0
-110 67 -133 33 0
-110 67 -134 -33 0
-110 -67 133 33 0
-110 -67 134 -33 0
-110 68 -135 34 0
-110 68 -136 -34 0
-110 -68 135 34 0
-110 -68 136 -34 0
-111 53 -133 19 0
-111 53 -134 -19 0
-111 -53 133 19 0
-111 -53 134 -19 0
-111 54 -133 20 0
-111 54 -134 -20 0
-111 -54 133 20 0
-111 -54 134 -20 0
-111 55 -135 21 0
-111 55 -136 -21 0
-111 -55 135 21 0
-111 -55 136 -21 0
-111 56 -135 22 0
-111 56 -136 -22 0
-111 -56 135 22 0
-111 -56 136 -22 0
-111 57 -133 23 0
-111 57 -134 -23 0
-111 -57 133 23 0
-111 -57 134 -23 0
-111 58 -133 24 0
-111 58 -134 -24 0
-111 -58 133 24 0
-111 -58 134 -24 0
-111 59 -135 25 0
-111 59 -136 -25 0
-111 -59 135 25 0
-111 -59 136 -25 0
-111 60 -135 26 0
-111 60 -136 -26 0
-111 -60 135 26 0
-111 -60 136 -26 0
-111 61 -133 27 0
-111 61 -134 -27 0
-111 -61 133 27 0
-111 -61 134 -27 0
-111 62 -133 28 0
-111 62 -134 -28 0
-111 -62 133 28 0
-111 -62 134 -28 0
-111 63 -135 29 0
-111 63 -136 -29 0
-111 -63 135 29 0
-111 -63 136 -29 0
-111 64 -135 30 0
-111 64 -136 -30 0
-111 -64 135 30 0
-111 -64 136 -30 0
-111 65 -133 31 0
-111 65 -134 -31 0
-111 -65 133 31 0
-111 -65 134 -31 0
-111 66 -133 32 0
-111 66 -134 -32 0
-111 -66 133 32 0
-111 -66 134 -32 0
-111 67 -135 33 0
-111 67 -136 -33 0
-111 -67 135 33 0
-111 -67 136 -33 0
-111 68 -135 34 0
-111 68 -136 -34 0
-111 -68 135 34 0
-111 -68 136 -34 0
-112 53 -133 19 0
-112 53 -134 -19 0
-112 -53 133 19 0
-112 -53 134 -19 0
-112 54 -133 20 0
-112 54 -134 -20 0
-112 -54 133 20 0
-112 -54 134 -20 0
-112 55 -133 21 0
-112 55 -134 -21 0
-112 -55 133 21 0
-112 -55 134 -21 0
-112 56 -133 22 0
-112 56 -134 -22 0
-112 -56 133 22 0
-112 -56 134 -22 0
-112 57 -135 23 0
-112 57 -136 -23 0
-112 -57 135 23 0
-112 -57 136 -23 0
-112 58 -135 24 0
-112 58 -136 -24 0
-112 -58 135 24 0
-112 -58 136 -24 0
-112 59 -135 25 0
-112 59 -136 -25 0
-112 -59 135 25 0
-112 -59 136 -25 0
-112 60 -135 26 0
-112 60 -136 -26 0
-112 -60 135 26 0
-112 -60 136 -26 0
-112 61 -133 27 0
-112 61 -134 -27 0
-112 -61 133 27 0
-112 -61 134 -27 0
-112 62 -133 28 0
-112 62 -134 -28 0
-112 -62 133 28 0
-112 -62 134 -28 0
-112 63 -133 29 0
-112 63 -134 -29 0
-112 -63 133 29 0
-112 -63 134 -29 0
-112 64 -133 30 0
-112 64 -134 -30 0
-112 -64 133 30 0
-112 -64 134 -30 0
-112 65 -135 31 0
-112 65 -136 -31 0
-112 -65 135 31 0
-112 -65 136 -31 0
-112 66 -135 32 0
-112 66 -136 -32 0
-112 -66 135 32 0
-112 -66 136 -32 0
-112 67 -135 33 0
-112 67 -136 -33 0
-112 -67 135 33 0
-112 -67 136 -33 0
-112 68 -135 34 0
-112 68 -136 -34 0
-112 -68 135 34 0
-112 -68 136 -34 0
-113 53 -133 19 0
-113 53 -134 -19 0
-113 -53 133 19 0
-113 -53 134 -19 0
-113 54 -133 20 0
-113 54 -134 -20 0
-113 -54 133 20 0
-113 -54 134 -20 0
-113 55 -133 21 0
-113 55 -134 -21 0
-113 -55 133 21 0
-113 -55 134 -21 0
-113 56 -133 22 0
-113 56 -134 -22 0
-113 -56 133 22 0
-113 -56 134 -22 0
-113 57 -133 23 0
-113 57 -134 -23 0
-113 -57 133 23 0
-113 -57 134 -23 0
-113 58 -133 24 0
-113 58 -134 -24 0
-113 -58 133 24 0
-113 -58 134 -24 0
-113 59 -133 25 0
-113 59 -134 -25 0
-113 -59 133 25 0
-113 -59 134 -25 0
-113 60 -133 26 0
-113 60 -134 -26 0
-113 -60 133 26 0
-113 -60 134 -26 0
-113 61 -135 27 0
-113 61 -136 -27 0
-113 -61 135 27 0
-113 -61 136 -27 0
-113 62 -135 28 0
-113 62 -136 -28 0
-113 -62 135 28 0
-113 -62 136 -28 0
-113 63 -135 29 0
-113 63 -136 -29 0
-113 -63 135 29 0
-113 -63 136 -29 0
-113 64 -135 30 0
-113 64 -136 -30 0
-113 -64 135 30 0
-113 -64 136 -30 0
-113 65 -135 31 0
-113 65 -136 -31 0
-113 -65 135 31 0
-113 -65 136 -31 0
-113 66 -135 32 0
-113 66 -136 -32 0
-113 -66 135 32 0
-113 -66 136 -32 0
-113 67 -135 33 0
-113 67 -136 -33 0
-113 -67 135 33 0
-113 -67 136 -33 0
-113 68 -135 34 0
-113 68 -136 -34 0
-113 -68 135 34 0
-113 -68 136 -34 0
-114 53 -133 2 19 0
-114 53 -134 2 -19 0
-114 53 -135 -2 19 0
-114 53 -136 -2 -19 0
-114 -53 133 2 19 0
-114 -53 134 2 -19 0
-114 -53 135 -2 19 0
-114 -53 136 -2 -19 0
-114 54 -133 3 20 0
-114 54 -134 3 -20 0
-114 54 -135 -3 20 0
-114 54 -136 -3 -20 0
-114 -54 133 3 20 0
-114 -54 134 3 -20 0
-114 -54 135 -3 20 0
-114 -54 136 -3 -20 0
-114 55 -133 4 21 0
-114 55 -134 4 -21 0
-114 55 -135 -4 21 0
-114 55 -136 -4 -21 0
-114 -55 133 4 21 0
-114 -55 134 4 -21 0
-114 -55 135 -4 21 0
-114 -55 136 -4 -21 0
-114 56 -133 5 22 0
-114 56 -134 5 -22 0
-114 56 -135 -5 22 0
-114 56 -136 -5 -22 0
-114 -56 133 5 22 0
-114 -56 134 5 -22 0
-114 -56 135 -5 22 0
-114 -56 136 -5 -22 0
-114 57 -133 6 23 0
-114 57 -134 6 -23 0
-114 57 -135 -6 23 0
-114 57 -136 -6 -23 0
-114 -57 133 6 23 0
-114 -57 134 6 -23 0
-114 -57 135 -6 23 0
-114 -57 136 -6 -23 0
-114 58 -133 7 24 0
-114 58 -134 7 -24 0
-114 58 -135 -7 24 0
-114 58 -136 -7 -24 0
-114 -58 133 7 24 0
-114 -58 134 7 -24 0
-114 -58 135 -7 24 0
-114 -58 136 -7 -24 0
-114 59 -133 8 25 0
-114 59 -134 8 -25 0
-114 59 -135 -8 25 0
-114 59 -136 -8 -25 0
-114 -59 133 8 25 0
-114 -59 134 8 -25 0
-114 -59 135 -8 25 0
-114 -59 136 -8 -25 0
-114 60 -133 9 26 0
-114 60 -134 9 -26 0
-114 60 -135 -9 26 0
-114 60 -136 -9 -26 0
-114 -60 133 9 26 0
-114 -60 134 9 -26 0
-114 -60 135 -9 26 0
-114 -60 136 -9 -26 0
-114 61 -133 10 27 0
-114 61 -134 10 -27 0
-114 61 -135 -10 27 0
-114 61 -136 -10 -27 0
-114 -61 133 10 27 0
-114 -61 134 10 -27 0
-114 -61 135 -10 27 0
-114 -61 136 -10 -27 0
-114 62 -133 11 28 0
-114 62 -134 11 -28 0
-114 62 -135 -11 28 0
-114 62 -136 -11 -28 0
-114 -62 133 11 28 0
-114 -62 134 11 -28 0
-114 -62 135 -11 28 0
-114 -62 136 -11 -28 0
-114 63 -133 12 29 0
-114 63 -134 12 -29 0
-114 63 -135 -12 29 0
-114 63 -136 -12 -29 0
-114 -63 133 12 29 0
-114 -63 134 12 -29 0
-114 -63 135 -12 29 0
-114 -63 136 -12 -29 0
-114 64 -133 13 30 0
-114 64 -134 13 -30 0
-114 64 -135 -13 30 0
-114 64 -136 -13 -30 0
-114 -64 133 13 30 0
-114 -64 134 13 -30 0
-114 -64 135 -13 30 0
-114 -64 136 -13 -30 0
-114 65 -133 14 31 0
-114 65 -134 14 -31 0
-114 65 -135 -14 31 0
-114 65 -136 -14 -31 0
-114 -65 133 14 31 0
-114 -65 134 14 -31 0
-114 -65 135 -14 31 0
-114 -65 136 -14 -31 0
-114 66 -133 15 32 0
-114 66 -134 15 -32 0
-114 66 -135 -15 32 0
-114 66 -136 -15 -32 0
-114 -66 133 15 32 0
-114 -66 134 15 -32 0
-114 -66 135 -15 32 0
-114 -66 136 -15 -32 0
-114 67 -133 16 33 0
-114 67 -134 16 -33 0
-114 67 -135 -16 33 0
-114 67 -136 -16 -33 0
-114 -67 133 16 33 0
-114 -67 134 16 -33 0
-114 -67 135 -16 33 0
-114 -67 136 -16 -33 0
-114 68 -133 17 34 0
-114 68 -134 17 -34 0
-114 68 -135 -17 34 0
-114 68 -136 -17 -34 0
-114 -68 133 17 34 0
-114 -68 134 17 -34 0
-114 -68 135 -17 34 0
-114 -68 136 -17 -34 0
-115 53 -133 36 0
-115 53 -134 -36 0
-115 -53 133 36 0
-115 -53 134 -36 0
-115 54 -135 37 0
-115 54 -136 -37 0
-115 -54 135 37 0
-115 -54 136 -37 0
-115 55 -133 38 0
-115 55 -134 -38 0
-115 -55 133 38 0
-115 -55 134 -38 0
-115 56 -135 39 0
-115 56 -136 -39 0
-115 -56 135 39 0
-115 -56 136 -39 0
-115 57 -133 40 0
-115 57 -134 -40 0
-115 -57 133 40 0
-115 -57 134 -40 0
-115 58 -135 41 0
-115 58 -136 -41 0
-115 -58 135 41 0
-115 -58 136 -41 0
-115 59 -133 42 0
-115 59 -134 -42 0
-115 -59 133 42 0
-115 -59 134 -42 0
-115 60 -135 43 0
-115 60 -136 -43 0
-115 -60 135 43 0
-115 -60 136 -43 0
-115 61 -133 44 0
-115 61 -134 -44 0
-115 -61 133 44 0
-115 -61 134 -44 0
-115 62 -135 45 0
-115 62 -136 -45 0
-115 -62 135 45 0
-115 -62 136 -45 0
-115 63 -133 46 0
-115 63 -134 -46 0
-115 -63 133 46 0
-115 -63 134 -46 0
-115 64 -135 47 0
-115 64 -136 -47 0
-115 -64 135 47 0
-115 -64 136 -47 0
-115 65 -133 48 0
-115 65 -134 -48 0
-115 -65 133 48 0
-115 -65 134 -48 0
-115 66 -135 49 0
-115 66 -136 -49 0
-115 -66 135 49 0
-115 -66 136 -49 0
-115 67 -133 50 0
-115 67 -134 -50 0
-115 -67 133 50 0
-115 -67 134 -50 0
-115 68 -135 51 0
-115 68 -136 -51 0
-115 -68 135 51 0
-115 -68 136 -51 0
-116 53 -133 36 0
-116 53 -134 -36 0
-116 -53 133 36 0
-116 -53 134 -36 0
-116 54 -133 37 0
-116 54 -134 -37 0
-116 -54 133 37 0
-116 -54 134 -37 0
-116 55 -135 38 0
-116 55 -136 -38 0
-116 -55 135 38 0
-116 -55 136 -38 0
-116 56 -135 39 0
-116 56 -136 -39 0
-116 -56 135 39 0
-116 -56 136 -39 0
-116 57 -133 40 0
-116 57 -134 -40 0
-116 -57 133 40 0
-116 -57 134 -40 0
-116 58 -133 41 0
-116 58 -134 -41 0
-116 -58 133 41 0
-116 -58 134 -41 0
-116 59 -135 42 0
-116 59 -136 -42 0
-116 -59 135 42 0
-116 -59 136 -42 0
-116 60 -135 43 0
-116 60 -136 -43 0
-116 -60 135 43 0
-116 -60 136 -43 0
-116 61 -133 44 0
-116 61 -134 -44 0
-116 -61 133 44 0
-116 -61 134 -44 0
-116 62 -133 45 0
-116 62 -134 -45 0
-116 -62 133 45 0
-116 -62 134 -45 0
-116 63 -135 46 0
-116 63 -136 -46 0
-116 -63 135 46 0
-116 -63 136 -46 0
-116 64 -135 47 0
-116 64 -136 -47 0
-116 -64 135 47 0
-116 -64 136 -47 0
-116 65 -133 48 0
-116 65 -134 -48 0
-116 -65 133 48 0
-116 -65 134 -48 0
-116 66 -133 49 0
-116 66 -134 -49 0
-116 -66 133 49 0
-116 -66 134 -49 0
-116 67 -135 50 0
-116 67 -136 -50 0
-116 -67 135 50 0
-116 -67 136 -50 0
-116 68 -135 51 0
-116 68 -136 -51 0
-116 -68 135 51 0
-116 -68 136 -51 0
-117 53 -133 36 0
-117 53 -134 -36 0
-117 -53 133 36 0
-117 -53 134 -36 0
-117 54 -133 37 0
-117 54 -134 -37 0
-117 -54 133 37 0
-117 -54 134 -37 0
-117 55 -133 38 0
-117 55 -134 -38 0
-117 -55 133 38 0
-117 -55 134 -38 0
-117 56 -133 39 0
-117 56 -134 -39 0
-117 -56 133 39 0
-117 -56 134 -39 0
-117 57 -135 40 0
-117 57 -136 -40 0
-117 -57 135 40 0
-117 -57 136 -40 0
-117 58 -135 41 0
-117 58 -136 -41 0
-117 -58 135 41 0
-117 -58 136 -41 0
-117 59 -135 42 0
-117 59 -136 -42 0
-117 -59 135 42 0
-117 -59 136 -42 0
-117 60 -135 43 0
-117 60 -136 -43 0
-117 -60 135 43 0
-117 -60 136 -43 0
-117 61 -133 44 0
-117 61 -134 -44 0
-117 -61 133 44 0
-117 -61 134 -44 0
-117 62 -133 45 0
-117 62 -134 -45 0
-117 -62 133 45 0
-117 -62 134 -45 0
-117 63 -133 46 0
-117 63 -134 -46 0
-117 -63 133 46 0
-117 -63 134 -46 0
-117 64 -133 47 0
-117 64 -134 -47 0
-117 -64 133 47 0
-117 -64 134 -47 0
-117 65 -135 48 0
-117 65 -136 -48 0
-117 -65 135 48 0
-117 -65 136 -48 0
-117 66 -135 49 0
-117 66 -136 -49 0
-117 -66 135 49 0
-117 -66 136 -49 0
-117 67 -135 50 0
-117 67 -136 -50 0
-117 -67 135 50 0
-117 -67 136 -50 0
-117 68 -135 51 0
-117 68 -136 -51 0
-117 -68 135 51 0
-117 -68 136 -51 0
-118 53 -133 36 0
-118 53 -134 -36 0
-118 -53 133 36 0
-118 -53 134 -36 0
-118 54 -133 37 0
-118 54 -134 -37 0
-118 -54 133 37 0
-118 -54 134 -37 0
-118 55 -133 38 0
-118 55 -134 -38 0
-118 -55 133 38 0
-118 -55 134 -38 0
-118 56 -133 39 0
-118 56 -134 -39 0
-118 -56 133 39 0
-118 -56 134 -39 0
-118 57 -133 40 0
-118 57 -134 -40 0
-118 -57 133 40 0
-118 -57 134 -40 0
-118 58 -133 41 0
-118 58 -134 -41 0
-118 -58 133 41 0
-118 -58 134 -41 0
-118 59 -133 42 0
-118 59 -134 -42 0
-118 -59 133 42 0
-118 -59 134 -42 0
-118 60 -133 43 0
-118 60 -134 -43 0
-118 -60 133 43 0
-118 -60 134 -43 0
-118 61 -135 44 0
-118 61 -136 -44 0
-118 -61 135 44 0
-118 -61 136 -44 0
-118 62 -135 45 0
-118 62 -136 -45 0
-118 -62 135 45 0
-118 -62 136 -45 0
-118 63 -135 46 0
-118 63 -136 -46 0
-118 -63 135 46 0
-118 -63 136 -46 0
-118 64 -135 47 0
-118 64 -136 -47 0
-118 -64 135 47 0
-118 -64 136 -47 0
-118 65 -135 48 0
-118 65 -136 -48 0
-118 -65 135 48 0
-118 -65 136 -48 0
-118 66 -135 49 0
-118 66 -136 -49 0
-118 -66 135 49 0
-118 -66 136 -49 0
-118 67 -135 50 0
-118 67 -136 -50 0
-118 -67 135 50 0
-118 -67 136 -50 0
-118 68 -135 51 0
-118 68 -136 -51 0
-118 -68 135 51 0
-118 -68 136 -51 0
-119 53 -133 2 36 0
-119 53 -134 2 -36 0
-119 53 -135 -2 36 0
-119 53 -136 -2 -36 0
-119 -53 133 2 36 0
-119 -53 134 2 -36 0
-119 -53 135 -2 36 0
-119 -53 136 -2 -36 0
-119 54 -133 3 37 0
-119 54 -134 3 -37 0
-119 54 -135 -3 37 0
-119 54 -136 -3 -37 0
-119 -54 133 3 37 0
-119 -54 134 3 -37 0
-119 -54 135 -3 37 0
-119 -54 136 -3 -37 0
-119 55 -133 4 38 0
-119 55 -134 4 -38 0
-119 55 -135 -4 38 0
-119 55 -136 -4 -38 0
-119 -55 133 4 38 0
-119 -55 134 4 -38 0
-119 -55 135 -4 38 0
-119 -55 136 -4 -38 0
-119 56 -133 5 39 0
-119 56 -134 5 -39 0
-119 56 -135 -5 39 0
-119 56 -136 -5 -39 0
-119 -56 133 5 39 0
-119 -56 134 5 -39 0
-119 -56 135 -5 39 0
-119 -56 136 -5 -39 0
-119 57 -133 6 40 0
-119 57 -134 6 -40 0
-119 57 -135 -6 40 0
-119 57 -136 -6 -40 0
-119 -57 133 6 40 0
-119 -57 134 6 -40 0
-119 -57 135 -6 40 0
-119 -57 136 -6 -40 0
-119 58 -133 7 41 0
-119 58 -134 7 -41 0
-119 58 -135 -7 41 0
-119 58 -136 -7 -41 0
-119 -58 133 7 41 0
-119 -58 134 7 -41 0
-119 -58 135 -7 41 0
-119 -58 136 -7 -41 0
-119 59 -133 8 42 0
-119 59 -134 8 -42 0
-119 59 -135 -8 42 0
-119 59 -136 -8 -42 0
-119 -59 133 8 42 0
-119 -59 134 8 -42 0
-119 -59 135 -8 42 0
-119 -59 136 -8 -42 0
-119 60 -133 9 43 0
-119 60 -134 9 -43 0
-119 60 -135 -9 43 0
-119 60 -136 -9 -43 0
-119 -60 133 9 43 0
-119 -60 134 9 -43 0
-119 -60 135 -9 43 0
-119 -60 136 -9 -43 0
-119 61 -133 10 44 0
-119 61 -134 10 -44 0
-119 61 -135 -10 44 0
-119 61 -136 -10 -44 0
-119 -61 133 10 44 0
-119 -61 134 10 -44 0
-119 -61 135 -10 44 0
-119 -61 136 -10 -44 0
-119 62 -133 11 45 0
-119 62 -134 11 -45 0
-119 62 -135 -11 45 0
-119 62 -136 -11 -45 0
-119 -62 133 11 45 0
-119 -62 134 11 -45 0
-119 -62 135 -11 45 0
-119 -62 136 -11 -45 0
-119 63 -133 12 46 0
-119 63 -134 12 -46 0
-119 63 -135 -12 46 0
-119 63 -136 -12 -46 0
-119 -63 133 12 46 0
-119 -63 134 12 -46 0
-119 -63 135 -12 46 0
-119 -63 136 -12 -46 0
-119 64 -133 13 47 0
-119 64 -134 13 -47 0
-119 64 -135 -13 47 0
-119 64 -136 -13 -47 0
-119 -64 133 13 47 0
-119 -64 134 13 -47 0
-119 -64 135 -13 47 0
-119 -64 136 -13 -47 0
-119 65 -133 14 48 0
-119 65 -134 14 -48 0
-119 65 -135 -14 48 0
-119 65 -136 -14 -48 0
-119 -65 133 14 48 0
-119 -65 134 14 -48 0
-119 -65 135 -14 48 0
-119 -65 136 -14 -48 0
-119 66 -133 15 49 0
-119 66 -134 15 -49 0
-119 66 -135 -15 49 0
-119 66 -136 -15 -49 0
-119 -66 133 15 49 0
-119 -66 134 15 -49 0
-119 -66 135 -15 49 0
-119 -66 136 -15 -49 0
-119 67 -133 16 50 0
-119 67 -134 16 -50 0
-119 67 -135 -16 50 0
-119 67 -136 -16 -50 0
-119 -67 133 16 50 0
-119 -67 134 16 -50 0
-119 -67 135 -16 50 0
-119 -67 136 -16 -50 0
-119 68 -133 17 51 0
-119 68 -134 17 -51 0
-119 68 -135 -17 51 0
-119 68 -136 -17 -51 0
-119 -68 133 17 51 0
-119 -68 134 17 -51 0
-119 -68 135 -17 51 0
-119 -68 136 -17 -51 0
-120 53 -133 19 36 0
-120 53 -134 19 -36 0
-120 53 -135 -19 36 0
-120 53 -136 -19 -36 0
-120 -53 133 19 36 0
-120 -53 134 19 -36 0
-120 -53 135 -19 36 0
-120 -53 136 -19 -36 0
-120 54 -133 20 37 0
-120 54 -134 20 -37 0
-120 54 -135 -20 37 0
-120 54 -136 -20 -37 0
-120 -54 133 20 37 0
-120 -54 134 20 -37 0
-120 -54 135 -20 37 0
-120 -54 136 -20 -37 0
-120 55 -133 21 38 0
-120 55 -134 21 -38 0
-120 55 -135 -21 38 0
-120 55 -136 -21 -38 0
-120 -55 133 21 38 0
-120 -55 134 21 -38 0
-120 -55 135 -21 38 0
-120 -55 136 -21 -38 0
-120 56 -133 22 39 0
-120 56 -134 22 -39 0
-120 56 -135 -22 39 0
-120 56 -136 -22 -39 0
-120 -56 133 22 39 0
-120 -56 134 22 -39 0
-120 -56 135 -22 39 0
-120 -56 136 -22 -39 0
-120 57 -133 23 40 0
-120 57 -134 23 -40 0
-120 57 -135 -23 40 0
-120 57 -136 -23 -40 0
-120 -57 133 23 40 0
-120 -57 134 23 -40 0
-120 -57 135 -23 40 0
-120 -57 136 -23 -40 0
-120 58 -133 24 41 0
-120 58 -134 24 -41 0
-120 58 -135 -24 41 0
-120 58 -136 -24 -41 0
-120 -58 133 24 41 0
-120 -58 134 24 -41 0
-120 -58 135 -24 41 0
-120 -58 136 -24 -41 0
-120 59 -133 25 42 0
-120 59 -134 25 -42 0
-120 59 -135 -25 42 0
-120 59 -136 -25 -42 0
-120 -59 133 25 42 0
-120 -59 134 25 -42 0
-120 -59 135 -25 42 0
-120 -59 136 -25 -42 0
-120 60 -133 26 43 0
-120 60 -134 26 -43 0
-120 60 -135 -26 43 0
-120 60 -136 -26 -43 0
-120 -60 133 26 43 0
-120 -60 134 26 -43 0
-120 -60 135 -26 43 0
-120 -60 136 -26 -43 0
-120 61 -133 27 44 0
-120 61 -134 27 -44 0
-120 61 -135 -27 44 0
-120 61 -136 -27 -44 0
-120 -61 133 27 44 0
-120 -61 134 27 -44 0
-120 -61 135 -27 44 0
-120 -61 136 -27 -44 0
-120 62 -133 28 45 0
-120 62 -134 28 -45 0
-120 62 -135 -28 45 0
-120 62 -136 -28 -45 0
-120 -62 133 28 45 0
-120 -62 134 28 -45 0
-120 -62 135 -28 45 0
-120 -62 136 -28 -45 0
-120 63 -133 29 46 0
-120 63 -134 29 -46 0
-120 63 -135 -29 46 0
-120 63 -136 -29 -46 0
-120 -63 133 29 46 0
-120 -63 134 29 -46 0
-120 -63 135 -29 46 0
-120 -63 136 -29 -46 0
-120 64 -133 30 47 0
-120 64 -134 30 -47 0
-120 64 -135 -30 47 0
-120 64 -136 -30 -47 0
-120 -64 133 30 47 0
-120 -64 134 30 -47 0
-120 -64 135 -30 47 0
-120 -64 136 -30 -47 0
-120 65 -133 31 48 0
-120 65 -134 31 -48 0
-120 65 -135 -31 48 0
-120 65 -136 -31 -48 0
-120 -65 133 31 48 0
-120 -65 134 31 -48 0
-120 -65 135 -31 48 0
-120 -65 136 -31 -48 0
-120 66 -133 32 49 0
-120 66 -134 32 -49 0
-120 66 -135 -32 49 0
-120 66 -136 -32 -49 0
-120 -66 133 32 49 0
-120 -66 134 32 -49 0
-120 -66 135 -32 49 0
-120 -66 136 -32 -49 0
-120 67 -133 33 50 0
-120 67 -134 33 -50 0
-120 67 -135 -33 50 0
-120 67 -136 -33 -50 0
-120 -67 133 33 50 0
-120 -67 134 33 -50 0
-120 -67 135 -33 50 0
-120 -67 136 -33 -50 0
-120 68 -133 34 51 0
-120 68 -134 34 -51 0
-120 68 -135 -34 51 0
-120 68 -136 -34 -51 0
-120 -68 133 34 51 0
-120 -68 134 34 -51 0
-120 -68 135 -34 51 0
-120 -68 136 -34 -51 0
122 123 124 0
122 -123 -124 0
-122 123 -124 0
126 127 128 0
126 -127 -128 0
-126 127 -128 0
130 131 132 0
130 -131 -132 0
-130 131 -132 0
134 135 136 0
134 -135 -136 0
-134 135 -136 0
1 81 82 83 84 91 92 93 94 106 107 108 109 99 114 119 0
18 95 96 97 98 99 110 111 112 113 114 120 0
35 115 116 117 118 119 120 0
52 0
-69 -81 0
-69 -82 0
-69 -91 0
-69 -92 0
-69 -106 0
-69 -107 0
-70 -81 0
-70 -83 0
-70 -91 0
-70 -93 0
-70 -106 0
-70 -108 0
-71 -82 0
-71 -83 0
-71 -92 0
-71 -93 0
-71 -107 0
-71 -108 0
-72 -81 0
-72 -84 0
-72 -91 0
-72 -94 0
-72 -106 0
-72 -109 0
-73 -82 0
-73 -84 0
-73 -92 0
-73 -94 0
-73 -107 0
-73 -109 0
-74 -83 0
-74 -84 0
-74 -93 0
-74 -94 0
-74 -108 0
-74 -109 0
-75 -95 0
-75 -96 0
-75 -110 0
-75 -111 0
-76 -95 0
-76 -97 0
-76 -110 0
-76 -112 0
-77 -96 0
-77 -97 0
-77 -111 0
-77 -112 0
-78 -95 0
-78 -98 0
-78 -110 0
-78 -113 0
-79 -96 0
-79 -98 0
-79 -111 0
-79 -113 0
-80 -97 0
-80 -98 0
-80 -112 0
-80 -113 0
-81 -95 0
-81 -99 0
-81 -110 0
-81 -114 0
-82 -96 0
-82 -99 0
-82 -111 0
-82 -114 0
-83 -97 0
-83 -99 0
-83 -112 0
-83 -114 0
-84 -98 0
-84 -99 0
-84 -113 0
-84 -114 0
-85 -115 0
-85 -116 0
-86 -115 0
-86 -117 0
-87 -116 0
-87 -117 0
-88 -115 0
-88 -118 0
-89 -116 0
-89 -118 0
-90 -117 0
-90 -118 0
-91 -115 0
-91 -119 0
-92 -116 0
-92 -119 0
-93 -117 0
-93 -119 0
-94 -118 0
-94 -119 0
-95 -115 0
-95 -120 0
-96 -116 0
-96 -120 0
-97 -117 0
-97 -120 0
-98 -118 0
-98 -120 0
-99 -119 0
-99 -120 0
-70 -75 0
-71 -75 0
-71 -76 0
-72 -75 0
-72 -76 0
-72 -77 0
-73 -75 0
-73 -76 0
-73 -77 0
-73 -78 0
-74 -75 0
-74 -76 0
-74 -77 0
-74 -78 0
-74 -79 0
-76 -85 0
-77 -85 0
-77 -86 0
-78 -85 0
-78 -86 0
-78 -87 0
-79 -85 0
-79 -86 0
-79 -87 0
-79 -88 0
-80 -85 0
-80 -86 0
-80 -87 0
-80 -88 0
-80 -89 0
-81 -85 0
-81 -86 0
-81 -87 0
-81 -88 0
-81 -89 0
-81 -90 0
-82 -85 0
-82 -86 0
-82 -87 0
-82 -88 0
-82 -89 0
-82 -90 0
-82 -91 0
-83 -85 0
-83 -86 0
-83 -87 0
-83 -88 0
-83 -89 0
-83 -90 0
-83 -91 0
-83 -92 0
-84 -85 0
-84 -86 0
-84 -87 0
-84 -88 0
-84 -89 0
-84 -90 0
-84 -91 0
-84 -92 0
-84 -93 0
-86 -100 0
-87 -100 0
-87 -101 0
-88 -100 0
-88 -101 0
-88 -102 0
-89 -100 0
-89 -101 0
-89 -102 0
-89 -103 0
-90 -100 0
-90 -101 0
-90 -102 0
-90 -103 0
-90 -104 0
-91 -100 0
-91 -101 0
-91 -102 0
-91 -103 0
-91 -104 0
-91 -105 0
-92 -100 0
-92 -101 0
-92 -102 0
-92 -103 0
-92 -104 0
-92 -105 0
-92 -106 0
-93 -100 0
-93 -101 0
-93 -102 0
-93 -103 0
-93 -104 0
-93 -105 0
-93 -106 0
-93 -107 0
-94 -100 0
-94 -101 0
-94 -102 0
-94 -103 0
-94 -104 0
-94 -105 0
-94 -106 0
-94 -107 0
-94 -108 0
-95 -100 0
-95 -101 0
-95 -102 0
-95 -103 0
-95 -104 0
-95 -105 0
-95 -106 0
-95 -107 0
-95 -108 0
-95 -109 0
-96 -100 0
-96 -101 0
-96 -102 0
-96 -103 0
-96 -104 0
-96 -105 0
-96 -106 0
-96 -107 0
-96 -108 0
-96 -109 0
-96 -110 0
-97 -100 0
-97 -101 0
-97 -102 0
-97 -103 0
-97 -104 0
-97 -105 0
-97 -106 0
-97 -107 0
-97 -108 0
-97 -109 0
-97 -110 0
-97 -111 0
-98 -100 0
-98 -101 0
-98 -102 0
-98 -103 0
-98 -104 0
-98 -105 0
-98 -106 0
-98 -107 0
-98 -108 0
-98 -109 0
-98 -110 0
-98 -111 0
-98 -112 0
-99 -100 0
-99 -101 0
-99 -102 0
-99 -103 0
-99 -104 0
-99 -105 0
-99 -106 0
-99 -107 0
-99 -108 0
-99 -109 0
-99 -110 0
-99 -111 0
-99 -112 0
-99 -113 0
