p cnf 27 214
-1 2 0
-1 3 0
-1 -4 0
-1 -5 0
-1 6 0
-1 -7 0
-1 8 0
-1 9 0
-1 10 0
-1 -11 0
-1 -12 0
-1 13 0
-1 14 0
-1 -15 0
-1 -16 0
-1 -17 0
1 0
18 19 20 21 22 23 0
-18 2 -24 0
-18 -2 24 0
-18 3 -26 0
-18 -3 26 0
-18 4 -25 0
-18 -4 25 0
-18 5 -27 0
-18 -5 27 0
-18 6 -24 0
-18 -6 24 0
-18 7 -26 0
-18 -7 26 0
-18 8 -25 0
-18 -8 25 0
-18 9 -27 0
-18 -9 27 0
-18 10 -24 0
-18 -10 24 0
-18 11 -26 0
-18 -11 26 0
-18 12 -25 0
-18 -12 25 0
-18 13 -27 0
-18 -13 27 0
-18 14 -24 0
-18 -14 24 0
-18 15 -26 0
-18 -15 26 0
-18 16 -25 0
-18 -16 25 0
-18 17 -27 0
-18 -17 27 0
-19 2 -24 0
-19 -2 24 0
-19 3 -26 0
-19 -3 26 0
-19 4 -24 0
-19 -4 24 0
-19 5 -26 0
-19 -5 26 0
-19 6 -25 0
-19 -6 25 0
-19 7 -27 0
-19 -7 27 0
-19 8 -25 0
-19 -8 25 0
-19 9 -27 0
-19 -9 27 0
-19 10 -24 0
-19 -10 24 0
-19 11 -26 0
-19 -11 26 0
-19 12 -24 0
-19 -12 24 0
-19 13 -26 0
-19 -13 26 0
-19 14 -25 0
-19 -14 25 0
-19 15 -27 0
-19 -15 27 0
-19 16 -25 0
-19 -16 25 0
-19 17 -27 0
-19 -17 27 0
-20 2 -24 0
-20 -2 24 0
-20 3 -24 0
-20 -3 24 0
-20 4 -26 0
-20 -4 26 0
-20 5 -26 0
-20 -5 26 0
-20 6 -25 0
-20 -6 25 0
-20 7 -25 0
-20 -7 25 0
-20 8 -27 0
-20 -8 27 0
-20 9 -27 0
-20 -9 27 0
-20 10 -24 0
-20 -10 24 0
-20 11 -24 0
-20 -11 24 0
-20 12 -26 0
-20 -12 26 0
-20 13 -26 0
-20 -13 26 0
-20 14 -25 0
-20 -14 25 0
-20 15 -25 0
-20 -15 25 0
-20 16 -27 0
-20 -16 27 0
-20 17 -27 0
-20 -17 27 0
-21 2 -24 0
-21 -2 24 0
-21 3 -26 0
-21 -3 26 0
-21 4 -24 0
-21 -4 24 0
-21 5 -26 0
-21 -5 26 0
-21 6 -24 0
-21 -6 24 0
-21 7 -26 0
-21 -7 26 0
-21 8 -24 0
-21 -8 24 0
-21 9 -26 0
-21 -9 26 0
-21 10 -25 0
-21 -10 25 0
-21 11 -27 0
-21 -11 27 0
-21 12 -25 0
-21 -12 25 0
-21 13 -27 0
-21 -13 27 0
-21 14 -25 0
-21 -14 25 0
-21 15 -27 0
-21 -15 27 0
-21 16 -25 0
-21 -16 25 0
-21 17 -27 0
-21 -17 27 0
-22 2 -24 0
-22 -2 24 0
-22 3 -24 0
-22 -3 24 0
-22 4 -26 0
-22 -4 26 0
-22 5 -26 0
-22 -5 26 0
-22 6 -24 0
-22 -6 24 0
-22 7 -24 0
-22 -7 24 0
-22 8 -26 0
-22 -8 26 0
-22 9 -26 0
-22 -9 26 0
-22 10 -25 0
-22 -10 25 0
-22 11 -25 0
-22 -11 25 0
-22 12 -27 0
-22 -12 27 0
-22 13 -27 0
-22 -13 27 0
-22 14 -25 0
-22 -14 25 0
-22 15 -25 0
-22 -15 25 0
-22 16 -27 0
-22 -16 27 0
-22 17 -27 0
-22 -17 27 0
-23 2 -24 0
-23 -2 24 0
-23 3 -24 0
-23 -3 24 0
-23 4 -24 0
-23 -4 24 0
-23 5 -24 0
-23 -5 24 0
-23 6 -26 0
-23 -6 26 0
-23 7 -26 0
-23 -7 26 0
-23 8 -26 0
-23 -8 26 0
-23 9 -26 0
-23 -9 26 0
-23 10 -25 0
-23 -10 25 0
-23 11 -25 0
-23 -11 25 0
-23 12 -25 0
-23 -12 25 0
-23 13 -25 0
-23 -13 25 0
-23 14 -27 0
-23 -14 27 0
-23 15 -27 0
-23 -15 27 0
-23 16 -27 0
-23 -16 27 0
-23 17 -27 0
-23 -17 27 0
25 26 27 0
25 -26 -27 0
-25 26 -27 0
1 0
