p cnf 185 5491
-1 2 0
-1 3 0
-1 -4 0
-1 -5 0
-1 6 0
-1 -7 0
-1 8 0
-1 9 0
-1 10 0
-1 -11 0
-1 -12 0
-1 13 0
-1 14 0
-1 -15 0
-1 -16 0
-1 -17 0
-18 19 0
-18 20 0
-18 -21 0
-18 -22 0
-18 23 0
-18 -24 0
-18 25 0
-18 26 0
-18 27 0
-18 -28 0
-18 -29 0
-18 30 0
-18 31 0
-18 -32 0
-18 -33 0
-18 -34 0
-35 36 0
-35 37 0
-35 -38 0
-35 -39 0
-35 40 0
-35 -41 0
-35 42 0
-35 43 0
-35 44 0
-35 -45 0
-35 -46 0
-35 47 0
-35 48 0
-35 -49 0
-35 -50 0
-35 -51 0
-52 53 0
-52 54 0
-52 -55 0
-52 -56 0
-52 57 0
-52 -58 0
-52 59 0
-52 60 0
-52 61 0
-52 -62 0
-52 -63 0
-52 64 0
-52 65 0
-52 -66 0
-52 -67 0
-52 -68 0
-69 70 0
-69 71 0
-69 -72 0
-69 -73 0
-69 74 0
-69 -75 0
-69 76 0
-69 77 0
-69 78 0
-69 -79 0
-69 -80 0
-69 81 0
-69 82 0
-69 -83 0
-69 -84 0
-69 -85 0
1 18 35 52 69 0
86 87 88 89 90 91 0
92 93 94 95 96 97 98 99 100 101 0
102 103 104 105 106 107 108 109 110 111 112 113 114 115 116 0
117 118 119 120 121 122 123 124 125 126 127 128 129 130 131 132 133 134 135 136 137 0
138 139 140 141 142 143 144 145 146 147 148 149 150 151 152 153 154 155 156 157 158 159 160 161 162 163 164 165 0
-86 2 -166 0
-86 -2 166 0
-86 3 -168 0
-86 -3 168 0
-86 4 -167 0
-86 -4 167 0
-86 5 -169 0
-86 -5 169 0
-86 6 -166 0
-86 -6 166 0
-86 7 -168 0
-86 -7 168 0
-86 8 -167 0
-86 -8 167 0
-86 9 -169 0
-86 -9 169 0
-86 10 -166 0
-86 -10 166 0
-86 11 -168 0
-86 -11 168 0
-86 12 -167 0
-86 -12 167 0
-86 13 -169 0
-86 -13 169 0
-86 14 -166 0
-86 -14 166 0
-86 15 -168 0
-86 -15 168 0
-86 16 -167 0
-86 -16 167 0
-86 17 -169 0
-86 -17 169 0
-87 2 -166 0
-87 -2 166 0
-87 3 -168 0
-87 -3 168 0
-87 4 -166 0
-87 -4 166 0
-87 5 -168 0
-87 -5 168 0
-87 6 -167 0
-87 -6 167 0
-87 7 -169 0
-87 -7 169 0
-87 8 -167 0
-87 -8 167 0
-87 9 -169 0
-87 -9 169 0
-87 10 -166 0
-87 -10 166 0
-87 11 -168 0
-87 -11 168 0
-87 12 -166 0
-87 -12 166 0
-87 13 -168 0
-87 -13 168 0
-87 14 -167 0
-87 -14 167 0
-87 15 -169 0
-87 -15 169 0
-87 16 -167 0
-87 -16 167 0
-87 17 -169 0
-87 -17 169 0
-88 2 -166 0
-88 -2 166 0
-88 3 -166 0
-88 -3 166 0
-88 4 -168 0
-88 -4 168 0
-88 5 -168 0
-88 -5 168 0
-88 6 -167 0
-88 -6 167 0
-88 7 -167 0
-88 -7 167 0
-88 8 -169 0
-88 -8 169 0
-88 9 -169 0
-88 -9 169 0
-88 10 -166 0
-88 -10 166 0
-88 11 -166 0
-88 -11 166 0
-88 12 -168 0
-88 -12 168 0
-88 13 -168 0
-88 -13 168 0
-88 14 -167 0
-88 -14 167 0
-88 15 -167 0
-88 -15 167 0
-88 16 -169 0
-88 -16 169 0
-88 17 -169 0
-88 -17 169 0
-89 2 -166 0
-89 -2 166 0
-89 3 -168 0
-89 -3 168 0
-89 4 -166 0
-89 -4 166 0
-89 5 -168 0
-89 -5 168 0
-89 6 -166 0
-89 -6 166 0
-89 7 -168 0
-89 -7 168 0
-89 8 -166 0
-89 -8 166 0
-89 9 -168 0
-89 -9 168 0
-89 10 -167 0
-89 -10 167 0
-89 11 -169 0
-89 -11 169 0
-89 12 -167 0
-89 -12 167 0
-89 13 -169 0
-89 -13 169 0
-89 14 -167 0
-89 -14 167 0
-89 15 -169 0
-89 -15 169 0
-89 16 -167 0
-89 -16 167 0
-89 17 -169 0
-89 -17 169 0
-90 2 -166 0
-90 -2 166 0
-90 3 -166 0
-90 -3 166 0
-90 4 -168 0
-90 -4 168 0
-90 5 -168 0
-90 -5 168 0
-90 6 -166 0
-90 -6 166 0
-90 7 -166 0
-90 -7 166 0
-90 8 -168 0
-90 -8 168 0
-90 9 -168 0
-90 -9 168 0
-90 10 -167 0
-90 -10 167 0
-90 11 -167 0
-90 -11 167 0
-90 12 -169 0
-90 -12 169 0
-90 13 -169 0
-90 -13 169 0
-90 14 -167 0
-90 -14 167 0
-90 15 -167 0
-90 -15 167 0
-90 16 -169 0
-90 -16 169 0
-90 17 -169 0
-90 -17 169 0
-91 2 -166 0
-91 -2 166 0
-91 3 -166 0
-91 -3 166 0
-91 4 -166 0
-91 -4 166 0
-91 5 -166 0
-91 -5 166 0
-91 6 -168 0
-91 -6 168 0
-91 7 -168 0
-91 -7 168 0
-91 8 -168 0
-91 -8 168 0
-91 9 -168 0
-91 -9 168 0
-91 10 -167 0
-91 -10 167 0
-91 11 -167 0
-91 -11 167 0
-91 12 -167 0
-91 -12 167 0
-91 13 -167 0
-91 -13 167 0
-91 14 -169 0
-91 -14 169 0
-91 15 -169 0
-91 -15 169 0
-91 16 -169 0
-91 -16 169 0
-91 17 -169 0
-91 -17 169 0
-92 19 -170 0
-92 -19 170 0
-92 20 -172 0
-92 -20 172 0
-92 21 -171 0
-92 -21 171 0
-92 22 -173 0
-92 -22 173 0
-92 23 -170 0
-92 -23 170 0
-92 24 -172 0
-92 -24 172 0
-92 25 -171 0
-92 -25 171 0
-92 26 -173 0
-92 -26 173 0
-92 27 -170 0
-92 -27 170 0
-92 28 -172 0
-92 -28 172 0
-92 29 -171 0
-92 -29 171 0
-92 30 -173 0
-92 -30 173 0
-92 31 -170 0
-92 -31 170 0
-92 32 -172 0
-92 -32 172 0
-92 33 -171 0
-92 -33 171 0
-92 34 -173 0
-92 -34 173 0
-93 19 -170 0
-93 -19 170 0
-93 20 -172 0
-93 -20 172 0
-93 21 -170 0
-93 -21 170 0
-93 22 -172 0
-93 -22 172 0
-93 23 -171 0
-93 -23 171 0
-93 24 -173 0
-93 -24 173 0
-93 25 -171 0
-93 -25 171 0
-93 26 -173 0
-93 -26 173 0
-93 27 -170 0
-93 -27 170 0
-93 28 -172 0
-93 -28 172 0
-93 29 -170 0
-93 -29 170 0
-93 30 -172 0
-93 -30 172 0
-93 31 -171 0
-93 -31 171 0
-93 32 -173 0
-93 -32 173 0
-93 33 -171 0
-93 -33 171 0
-93 34 -173 0
-93 -34 173 0
-94 19 -170 0
-94 -19 170 0
-94 20 -170 0
-94 -20 170 0
-94 21 -172 0
-94 -21 172 0
-94 22 -172 0
-94 -22 172 0
-94 23 -171 0
-94 -23 171 0
-94 24 -171 0
-94 -24 171 0
-94 25 -173 0
-94 -25 173 0
-94 26 -173 0
-94 -26 173 0
-94 27 -170 0
-94 -27 170 0
-94 28 -170 0
-94 -28 170 0
-94 29 -172 0
-94 -29 172 0
-94 30 -172 0
-94 -30 172 0
-94 31 -171 0
-94 -31 171 0
-94 32 -171 0
-94 -32 171 0
-94 33 -173 0
-94 -33 173 0
-94 34 -173 0
-94 -34 173 0
-95 19 -170 0
-95 -19 170 0
-95 20 -172 0
-95 -20 172 0
-95 21 -170 0
-95 -21 170 0
-95 22 -172 0
-95 -22 172 0
-95 23 -170 0
-95 -23 170 0
-95 24 -172 0
-95 -24 172 0
-95 25 -170 0
-95 -25 170 0
-95 26 -172 0
-95 -26 172 0
-95 27 -171 0
-95 -27 171 0
-95 28 -173 0
-95 -28 173 0
-95 29 -171 0
-95 -29 171 0
-95 30 -173 0
-95 -30 173 0
-95 31 -171 0
-95 -31 171 0
-95 32 -173 0
-95 -32 173 0
-95 33 -171 0
-95 -33 171 0
-95 34 -173 0
-95 -34 173 0
-96 19 -170 0
-96 -19 170 0
-96 20 -170 0
-96 -20 170 0
-96 21 -172 0
-96 -21 172 0
-96 22 -172 0
-96 -22 172 0
-96 23 -170 0
-96 -23 170 0
-96 24 -170 0
-96 -24 170 0
-96 25 -172 0
-96 -25 172 0
-96 26 -172 0
-96 -26 172 0
-96 27 -171 0
-96 -27 171 0
-96 28 -171 0
-96 -28 171 0
-96 29 -173 0
-96 -29 173 0
-96 30 -173 0
-96 -30 173 0
-96 31 -171 0
-96 -31 171 0
-96 32 -171 0
-96 -32 171 0
-96 33 -173 0
-96 -33 173 0
-96 34 -173 0
-96 -34 173 0
-97 19 -170 0
-97 -19 170 0
-97 20 -170 0
-97 -20 170 0
-97 21 -170 0
-97 -21 170 0
-97 22 -170 0
-97 -22 170 0
-97 23 -172 0
-97 -23 172 0
-97 24 -172 0
-97 -24 172 0
-97 25 -172 0
-97 -25 172 0
-97 26 -172 0
-97 -26 172 0
-97 27 -171 0
-97 -27 171 0
-97 28 -171 0
-97 -28 171 0
-97 29 -171 0
-97 -29 171 0
-97 30 -171 0
-97 -30 171 0
-97 31 -173 0
-97 -31 173 0
-97 32 -173 0
-97 -32 173 0
-97 33 -173 0
-97 -33 173 0
-97 34 -173 0
-97 -34 173 0
-98 19 -170 2 0
-98 19 -171 -2 0
-98 -19 170 2 0
-98 -19 171 -2 0
-98 20 -172 3 0
-98 20 -173 -3 0
-98 -20 172 3 0
-98 -20 173 -3 0
-98 21 -170 4 0
-98 21 -171 -4 0
-98 -21 170 4 0
-98 -21 171 -4 0
-98 22 -172 5 0
-98 22 -173 -5 0
-98 -22 172 5 0
-98 -22 173 -5 0
-98 23 -170 6 0
-98 23 -171 -6 0
-98 -23 170 6 0
-98 -23 171 -6 0
-98 24 -172 7 0
-98 24 -173 -7 0
-98 -24 172 7 0
-98 -24 173 -7 0
-98 25 -170 8 0
-98 25 -171 -8 0
-98 -25 170 8 0
-98 -25 171 -8 0
-98 26 -172 9 0
-98 26 -173 -9 0
-98 -26 172 9 0
-98 -26 173 -9 0
-98 27 -170 10 0
-98 27 -171 -10 0
-98 -27 170 10 0
-98 -27 171 -10 0
-98 28 -172 11 0
-98 28 -173 -11 0
-98 -28 172 11 0
-98 -28 173 -11 0
-98 29 -170 12 0
-98 29 -171 -12 0
-98 -29 170 12 0
-98 -29 171 -12 0
-98 30 -172 13 0
-98 30 -173 -13 0
-98 -30 172 13 0
-98 -30 173 -13 0
-98 31 -170 14 0
-98 31 -171 -14 0
-98 -31 170 14 0
-98 -31 171 -14 0
-98 32 -172 15 0
-98 32 -173 -15 0
-98 -32 172 15 0
-98 -32 173 -15 0
-98 33 -170 16 0
-98 33 -171 -16 0
-98 -33 170 16 0
-98 -33 171 -16 0
-98 34 -172 17 0
-98 34 -173 -17 0
-98 -34 172 17 0
-98 -34 173 -17 0
-99 19 -170 2 0
-99 19 -171 -2 0
-99 -19 170 2 0
-99 -19 171 -2 0
-99 20 -170 3 0
-99 20 -171 -3 0
-99 -20 170 3 0
-99 -20 171 -3 0
-99 21 -172 4 0
-99 21 -173 -4 0
-99 -21 172 4 0
-99 -21 173 -4 0
-99 22 -172 5 0
-99 22 -173 -5 0
-99 -22 172 5 0
-99 -22 173 -5 0
-99 23 -170 6 0
-99 23 -171 -6 0
-99 -23 170 6 0
-99 -23 171 -6 0
-99 24 -170 7 0
-99 24 -171 -7 0
-99 -24 170 7 0
-99 -24 171 -7 0
-99 25 -172 8 0
-99 25 -173 -8 0
-99 -25 172 8 0
-99 -25 173 -8 0
-99 26 -172 9 0
-99 26 -173 -9 0
-99 -26 172 9 0
-99 -26 173 -9 0
-99 27 -170 10 0
-99 27 -171 -10 0
-99 -27 170 10 0
-99 -27 171 -10 0
-99 28 -170 11 0
-99 28 -171 -11 0
-99 -28 170 11 0
-99 -28 171 -11 0
-99 29 -172 12 0
-99 29 -173 -12 0
-99 -29 172 12 0
-99 -29 173 -12 0
-99 30 -172 13 0
-99 30 -173 -13 0
-99 -30 172 13 0
-99 -30 173 -13 0
-99 31 -170 14 0
-99 31 -171 -14 0
-99 -31 170 14 0
-99 -31 171 -14 0
-99 32 -170 15 0
-99 32 -171 -15 0
-99 -32 170 15 0
-99 -32 171 -15 0
-99 33 -172 16 0
-99 33 -173 -16 0
-99 -33 172 16 0
-99 -33 173 -16 0
-99 34 -172 17 0
-99 34 -173 -17 0
-99 -34 172 17 0
-99 -34 173 -17 0
-100 19 -170 2 0
-100 19 -171 -2 0
-100 -19 170 2 0
-100 -19 171 -2 0
-100 20 -170 3 0
-100 20 -171 -3 0
-100 -20 170 3 0
-100 -20 171 -3 0
-100 21 -170 4 0
-100 21 -171 -4 0
-100 -21 170 4 0
-100 -21 171 -4 0
-100 22 -170 5 0
-100 22 -171 -5 0
-100 -22 170 5 0
-100 -22 171 -5 0
-100 23 -172 6 0
-100 23 -173 -6 0
-100 -23 172 6 0
-100 -23 173 -6 0
-100 24 -172 7 0
-100 24 -173 -7 0
-100 -24 172 7 0
-100 -24 173 -7 0
-100 25 -172 8 0
-100 25 -173 -8 0
-100 -25 172 8 0
-100 -25 173 -8 0
-100 26 -172 9 0
-100 26 -173 -9 0
-100 -26 172 9 0
-100 -26 173 -9 0
-100 27 -170 10 0
-100 27 -171 -10 0
-100 -27 170 10 0
-100 -27 171 -10 0
-100 28 -170 11 0
-100 28 -171 -11 0
-100 -28 170 11 0
-100 -28 171 -11 0
-100 29 -170 12 0
-100 29 -171 -12 0
-100 -29 170 12 0
-100 -29 171 -12 0
-100 30 -170 13 0
-100 30 -171 -13 0
-100 -30 170 13 0
-100 -30 171 -13 0
-100 31 -172 14 0
-100 31 -173 -14 0
-100 -31 172 14 0
-100 -31 173 -14 0
-100 32 -172 15 0
-100 32 -173 -15 0
-100 -32 172 15 0
-100 -32 173 -15 0
-100 33 -172 16 0
-100 33 -173 -16 0
-100 -33 172 16 0
-100 -33 173 -16 0
-100 34 -172 17 0
-100 34 -173 -17 0
-100 -34 172 17 0
-100 -34 173 -17 0
-101 19 -170 2 0
-101 19 -171 -2 0
-101 -19 170 2 0
-101 -19 171 -2 0
-101 20 -170 3 0
-101 20 -171 -3 0
-101 -20 170 3 0
-101 -20 171 -3 0
-101 21 -170 4 0
-101 21 -171 -4 0
-101 -21 170 4 0
-101 -21 171 -4 0
-101 22 -170 5 0
-101 22 -171 -5 0
-101 -22 170 5 0
-101 -22 171 -5 0
-101 23 -170 6 0
-101 23 -171 -6 0
-101 -23 170 6 0
-101 -23 171 -6 0
-101 24 -170 7 0
-101 24 -171 -7 0
-101 -24 170 7 0
-101 -24 171 -7 0
-101 25 -170 8 0
-101 25 -171 -8 0
-101 -25 170 8 0
-101 -25 171 -8 0
-101 26 -170 9 0
-101 26 -171 -9 0
-101 -26 170 9 0
-101 -26 171 -9 0
-101 27 -172 10 0
-101 27 -173 -10 0
-101 -27 172 10 0
-101 -27 173 -10 0
-101 28 -172 11 0
-101 28 -173 -11 0
-101 -28 172 11 0
-101 -28 173 -11 0
-101 29 -172 12 0
-101 29 -173 -12 0
-101 -29 172 12 0
-101 -29 173 -12 0
-101 30 -172 13 0
-101 30 -173 -13 0
-101 -30 172 13 0
-101 -30 173 -13 0
-101 31 -172 14 0
-101 31 -173 -14 0
-101 -31 172 14 0
-101 -31 173 -14 0
-101 32 -172 15 0
-101 32 -173 -15 0
-101 -32 172 15 0
-101 -32 173 -15 0
-101 33 -172 16 0
-101 33 -173 -16 0
-101 -33 172 16 0
-101 -33 173 -16 0
-101 34 -172 17 0
-101 34 -173 -17 0
-101 -34 172 17 0
-101 -34 173 -17 0
-102 36 -174 0
-102 -36 174 0
-102 37 -176 0
-102 -37 176 0
-102 38 -175 0
-102 -38 175 0
-102 39 -177 0
-102 -39 177 0
-102 40 -174 0
-102 -40 174 0
-102 41 -176 0
-102 -41 176 0
-102 42 -175 0
-102 -42 175 0
-102 43 -177 0
-102 -43 177 0
-102 44 -174 0
-102 -44 174 0
-102 45 -176 0
-102 -45 176 0
-102 46 -175 0
-102 -46 175 0
-102 47 -177 0
-102 -47 177 0
-102 48 -174 0
-102 -48 174 0
-102 49 -176 0
-102 -49 176 0
-102 50 -175 0
-102 -50 175 0
-102 51 -177 0
-102 -51 177 0
-103 36 -174 0
-103 -36 174 0
-103 37 -176 0
-103 -37 176 0
-103 38 -174 0
-103 -38 174 0
-103 39 -176 0
-103 -39 176 0
-103 40 -175 0
-103 -40 175 0
-103 41 -177 0
-103 -41 177 0
-103 42 -175 0
-103 -42 175 0
-103 43 -177 0
-103 -43 177 0
-103 44 -174 0
-103 -44 174 0
-103 45 -176 0
-103 -45 176 0
-103 46 -174 0
-103 -46 174 0
-103 47 -176 0
-103 -47 176 0
-103 48 -175 0
-103 -48 175 0
-103 49 -177 0
-103 -49 177 0
-103 50 -175 0
-103 -50 175 0
-103 51 -177 0
-103 -51 177 0
-104 36 -174 0
-104 -36 174 0
-104 37 -174 0
-104 -37 174 0
-104 38 -176 0
-104 -38 176 0
-104 39 -176 0
-104 -39 176 0
-104 40 -175 0
-104 -40 175 0
-104 41 -175 0
-104 -41 175 0
-104 42 -177 0
-104 -42 177 0
-104 43 -177 0
-104 -43 177 0
-104 44 -174 0
-104 -44 174 0
-104 45 -174 0
-104 -45 174 0
-104 46 -176 0
-104 -46 176 0
-104 47 -176 0
-104 -47 176 0
-104 48 -175 0
-104 -48 175 0
-104 49 -175 0
-104 -49 175 0
-104 50 -177 0
-104 -50 177 0
-104 51 -177 0
-104 -51 177 0
-105 36 -174 0
-105 -36 174 0
-105 37 -176 0
-105 -37 176 0
-105 38 -174 0
-105 -38 174 0
-105 39 -176 0
-105 -39 176 0
-105 40 -174 0
-105 -40 174 0
-105 41 -176 0
-105 -41 176 0
-105 42 -174 0
-105 -42 174 0
-105 43 -176 0
-105 -43 176 0
-105 44 -175 0
-105 -44 175 0
-105 45 -177 0
-105 -45 177 0
-105 46 -175 0
-105 -46 175 0
-105 47 -177 0
-105 -47 177 0
-105 48 -175 0
-105 -48 175 0
-105 49 -177 0
-105 -49 177 0
-105 50 -175 0
-105 -50 175 0
-105 51 -177 0
-105 -51 177 0
-106 36 -174 0
-106 -36 174 0
-106 37 -174 0
-106 -37 174 0
-106 38 -176 0
-106 -38 176 0
-106 39 -176 0
-106 -39 176 0
-106 40 -174 0
-106 -40 174 0
-106 41 -174 0
-106 -41 174 0
-106 42 -176 0
-106 -42 176 0
-106 43 -176 0
-106 -43 176 0
-106 44 -175 0
-106 -44 175 0
-106 45 -175 0
-106 -45 175 0
-106 46 -177 0
-106 -46 177 0
-106 47 -177 0
-106 -47 177 0
-106 48 -175 0
-106 -48 175 0
-106 49 -175 0
-106 -49 175 0
-106 50 -177 0
-106 -50 177 0
-106 51 -177 0
-106 -51 177 0
-107 36 -174 0
-107 -36 174 0
-107 37 -174 0
-107 -37 174 0
-107 38 -174 0
-107 -38 174 0
-107 39 -174 0
-107 -39 174 0
-107 40 -176 0
-107 -40 176 0
-107 41 -176 0
-107 -41 176 0
-107 42 -176 0
-107 -42 176 0
-107 43 -176 0
-107 -43 176 0
-107 44 -175 0
-107 -44 175 0
-107 45 -175 0
-107 -45 175 0
-107 46 -175 0
-107 -46 175 0
-107 47 -175 0
-107 -47 175 0
-107 48 -177 0
-107 -48 177 0
-107 49 -177 0
-107 -49 177 0
-107 50 -177 0
-107 -50 177 0
-107 51 -177 0
-107 -51 177 0
-108 36 -174 2 0
-108 36 -175 -2 0
-108 -36 174 2 0
-108 -36 175 -2 0
-108 37 -176 3 0
-108 37 -177 -3 0
-108 -37 176 3 0
-108 -37 177 -3 0
-108 38 -174 4 0
-108 38 -175 -4 0
-108 -38 174 4 0
-108 -38 175 -4 0
-108 39 -176 5 0
-108 39 -177 -5 0
-108 -39 176 5 0
-108 -39 177 -5 0
-108 40 -174 6 0
-108 40 -175 -6 0
-108 -40 174 6 0
-108 -40 175 -6 0
-108 41 -176 7 0
-108 41 -177 -7 0
-108 -41 176 7 0
-108 -41 177 -7 0
-108 42 -174 8 0
-108 42 -175 -8 0
-108 -42 174 8 0
-108 -42 175 -8 0
-108 43 -176 9 0
-108 43 -177 -9 0
-108 -43 176 9 0
-108 -43 177 -9 0
-108 44 -174 10 0
-108 44 -175 -10 0
-108 -44 174 10 0
-108 -44 175 -10 0
-108 45 -176 11 0
-108 45 -177 -11 0
-108 -45 176 11 0
-108 -45 177 -11 0
-108 46 -174 12 0
-108 46 -175 -12 0
-108 -46 174 12 0
-108 -46 175 -12 0
-108 47 -176 13 0
-108 47 -177 -13 0
-108 -47 176 13 0
-108 -47 177 -13 0
-108 48 -174 14 0
-108 48 -175 -14 0
-108 -48 174 14 0
-108 -48 175 -14 0
-108 49 -176 15 0
-108 49 -177 -15 0
-108 -49 176 15 0
-108 -49 177 -15 0
-108 50 -174 16 0
-108 50 -175 -16 0
-108 -50 174 16 0
-108 -50 175 -16 0
-108 51 -176 17 0
-108 51 -177 -17 0
-108 -51 176 17 0
-108 -51 177 -17 0
-109 36 -174 2 0
-109 36 -175 -2 0
-109 -36 174 2 0
-109 -36 175 -2 0
-109 37 -174 3 0
-109 37 -175 -3 0
-109 -37 174 3 0
-109 -37 175 -3 0
-109 38 -176 4 0
-109 38 -177 -4 0
-109 -38 176 4 0
-109 -38 177 -4 0
-109 39 -176 5 0
-109 39 -177 -5 0
-109 -39 176 5 0
-109 -39 177 -5 0
-109 40 -174 6 0
-109 40 -175 -6 0
-109 -40 174 6 0
-109 -40 175 -6 0
-109 41 -174 7 0
-109 41 -175 -7 0
-109 -41 174 7 0
-109 -41 175 -7 0
-109 42 -176 8 0
-109 42 -177 -8 0
-109 -42 176 8 0
-109 -42 177 -8 0
-109 43 -176 9 0
-109 43 -177 -9 0
-109 -43 176 9 0
-109 -43 177 -9 0
-109 44 -174 10 0
-109 44 -175 -10 0
-109 -44 174 10 0
-109 -44 175 -10 0
-109 45 -174 11 0
-109 45 -175 -11 0
-109 -45 174 11 0
-109 -45 175 -11 0
-109 46 -176 12 0
-109 46 -177 -12 0
-109 -46 176 12 0
-109 -46 177 -12 0
-109 47 -176 13 0
-109 47 -177 -13 0
-109 -47 176 13 0
-109 -47 177 -13 0
-109 48 -174 14 0
-109 48 -175 -14 0
-109 -48 174 14 0
-109 -48 175 -14 0
-109 49 -174 15 0
-109 49 -175 -15 0
-109 -49 174 15 0
-109 -49 175 -15 0
-109 50 -176 16 0
-109 50 -177 -16 0
-109 -50 176 16 0
-109 -50 177 -16 0
-109 51 -176 17 0
-109 51 -177 -17 0
-109 -51 176 17 0
-109 -51 177 -17 0
-110 36 -174 2 0
-110 36 -175 -2 0
-110 -36 174 2 0
-110 -36 175 -2 0
-110 37 -174 3 0
-110 37 -175 -3 0
-110 -37 174 3 0
-110 -37 175 -3 0
-110 38 -174 4 0
-110 38 -175 -4 0
-110 -38 174 4 0
-110 -38 175 -4 0
-110 39 -174 5 0
-110 39 -175 -5 0
-110 -39 174 5 0
-110 -39 175 -5 0
-110 40 -176 6 0
-110 40 -177 -6 0
-110 -40 176 6 0
-110 -40 177 -6 0
-110 41 -176 7 0
-110 41 -177 -7 0
-110 -41 176 7 0
-110 -41 177 -7 0
-110 42 -176 8 0
-110 42 -177 -8 0
-110 -42 176 8 0
-110 -42 177 -8 0
-110 43 -176 9 0
-110 43 -177 -9 0
-110 -43 176 9 0
-110 -43 177 -9 0
-110 44 -174 10 0
-110 44 -175 -10 0
-110 -44 174 10 0
-110 -44 175 -10 0
-110 45 -174 11 0
-110 45 -175 -11 0
-110 -45 174 11 0
-110 -45 175 -11 0
-110 46 -174 12 0
-110 46 -175 -12 0
-110 -46 174 12 0
-110 -46 175 -12 0
-110 47 -174 13 0
-110 47 -175 -13 0
-110 -47 174 13 0
-110 -47 175 -13 0
-110 48 -176 14 0
-110 48 -177 -14 0
-110 -48 176 14 0
-110 -48 177 -14 0
-110 49 -176 15 0
-110 49 -177 -15 0
-110 -49 176 15 0
-110 -49 177 -15 0
-110 50 -176 16 0
-110 50 -177 -16 0
-110 -50 176 16 0
-110 -50 177 -16 0
-110 51 -176 17 0
-110 51 -177 -17 0
-110 -51 176 17 0
-110 -51 177 -17 0
-111 36 -174 2 0
-111 36 -175 -2 0
-111 -36 174 2 0
-111 -36 175 -2 0
-111 37 -174 3 0
-111 37 -175 -3 0
-111 -37 174 3 0
-111 -37 175 -3 0
-111 38 -174 4 0
-111 38 -175 -4 0
-111 -38 174 4 0
-111 -38 175 -4 0
-111 39 -174 5 0
-111 39 -175 -5 0
-111 -39 174 5 0
-111 -39 175 -5 0
-111 40 -174 6 0
-111 40 -175 -6 0
-111 -40 174 6 0
-111 -40 175 -6 0
-111 41 -174 7 0
-111 41 -175 -7 0
-111 -41 174 7 0
-111 -41 175 -7 0
-111 42 -174 8 0
-111 42 -175 -8 0
-111 -42 174 8 0
-111 -42 175 -8 0
-111 43 -174 9 0
-111 43 -175 -9 0
-111 -43 174 9 0
-111 -43 175 -9 0
-111 44 -176 10 0
-111 44 -177 -10 0
-111 -44 176 10 0
-111 -44 177 -10 0
-111 45 -176 11 0
-111 45 -177 -11 0
-111 -45 176 11 0
-111 -45 177 -11 0
-111 46 -176 12 0
-111 46 -177 -12 0
-111 -46 176 12 0
-111 -46 177 -12 0
-111 47 -176 13 0
-111 47 -177 -13 0
-111 -47 176 13 0
-111 -47 177 -13 0
-111 48 -176 14 0
-111 48 -177 -14 0
-111 -48 176 14 0
-111 -48 177 -14 0
-111 49 -176 15 0
-111 49 -177 -15 0
-111 -49 176 15 0
-111 -49 177 -15 0
-111 50 -176 16 0
-111 50 -177 -16 0
-111 -50 176 16 0
-111 -50 177 -16 0
-111 51 -176 17 0
-111 51 -177 -17 0
-111 -51 176 17 0
-111 -51 177 -17 0
-112 36 -174 19 0
-112 36 -175 -19 0
-112 -36 174 19 0
-112 -36 175 -19 0
-112 37 -176 20 0
-112 37 -177 -20 0
-112 -37 176 20 0
-112 -37 177 -20 0
-112 38 -174 21 0
-112 38 -175 -21 0
-112 -38 174 21 0
-112 -38 175 -21 0
-112 39 -176 22 0
-112 39 -177 -22 0
-112 -39 176 22 0
-112 -39 177 -22 0
-112 40 -174 23 0
-112 40 -175 -23 0
-112 -40 174 23 0
-112 -40 175 -23 0
-112 41 -176 24 0
-112 41 -177 -24 0
-112 -41 176 24 0
-112 -41 177 -24 0
-112 42 -174 25 0
-112 42 -175 -25 0
-112 -42 174 25 0
-112 -42 175 -25 0
-112 43 -176 26 0
-112 43 -177 -26 0
-112 -43 176 26 0
-112 -43 177 -26 0
-112 44 -174 27 0
-112 44 -175 -27 0
-112 -44 174 27 0
-112 -44 175 -27 0
-112 45 -176 28 0
-112 45 -177 -28 0
-112 -45 176 28 0
-112 -45 177 -28 0
-112 46 -174 29 0
-112 46 -175 -29 0
-112 -46 174 29 0
-112 -46 175 -29 0
-112 47 -176 30 0
-112 47 -177 -30 0
-112 -47 176 30 0
-112 -47 177 -30 0
-112 48 -174 31 0
-112 48 -175 -31 0
-112 -48 174 31 0
-112 -48 175 -31 0
-112 49 -176 32 0
-112 49 -177 -32 0
-112 -49 176 32 0
-112 -49 177 -32 0
-112 50 -174 33 0
-112 50 -175 -33 0
-112 -50 174 33 0
-112 -50 175 -33 0
-112 51 -176 34 0
-112 51 -177 -34 0
-112 -51 176 34 0
-112 -51 177 -34 0
-113 36 -174 19 0
-113 36 -175 -19 0
-113 -36 174 19 0
-113 -36 175 -19 0
-113 37 -174 20 0
-113 37 -175 -20 0
-113 -37 174 20 0
-113 -37 175 -20 0
-113 38 -176 21 0
-113 38 -177 -21 0
-113 -38 176 21 0
-113 -38 177 -21 0
-113 39 -176 22 0
-113 39 -177 -22 0
-113 -39 176 22 0
-113 -39 177 -22 0
-113 40 -174 23 0
-113 40 -175 -23 0
-113 -40 174 23 0
-113 -40 175 -23 0
-113 41 -174 24 0
-113 41 -175 -24 0
-113 -41 174 24 0
-113 -41 175 -24 0
-113 42 -176 25 0
-113 42 -177 -25 0
-113 -42 176 25 0
-113 -42 177 -25 0
-113 43 -176 26 0
-113 43 -177 -26 0
-113 -43 176 26 0
-113 -43 177 -26 0
-113 44 -174 27 0
-113 44 -175 -27 0
-113 -44 174 27 0
-113 -44 175 -27 0
-113 45 -174 28 0
-113 45 -175 -28 0
-113 -45 174 28 0
-113 -45 175 -28 0
-113 46 -176 29 0
-113 46 -177 -29 0
-113 -46 176 29 0
-113 -46 177 -29 0
-113 47 -176 30 0
-113 47 -177 -30 0
-113 -47 176 30 0
-113 -47 177 -30 0
-113 48 -174 31 0
-113 48 -175 -31 0
-113 -48 174 31 0
-113 -48 175 -31 0
-113 49 -174 32 0
-113 49 -175 -32 0
-113 -49 174 32 0
-113 -49 175 -32 0
-113 50 -176 33 0
-113 50 -177 -33 0
-113 -50 176 33 0
-113 -50 177 -33 0
-113 51 -176 34 0
-113 51 -177 -34 0
-113 -51 176 34 0
-113 -51 177 -34 0
-114 36 -174 19 0
-114 36 -175 -19 0
-114 -36 174 19 0
-114 -36 175 -19 0
-114 37 -174 20 0
-114 37 -175 -20 0
-114 -37 174 20 0
-114 -37 175 -20 0
-114 38 -174 21 0
-114 38 -175 -21 0
-114 -38 174 21 0
-114 -38 175 -21 0
-114 39 -174 22 0
-114 39 -175 -22 0
-114 -39 174 22 0
-114 -39 175 -22 0
-114 40 -176 23 0
-114 40 -177 -23 0
-114 -40 176 23 0
-114 -40 177 -23 0
-114 41 -176 24 0
-114 41 -177 -24 0
-114 -41 176 24 0
-114 -41 177 -24 0
-114 42 -176 25 0
-114 42 -177 -25 0
-114 -42 176 25 0
-114 -42 177 -25 0
-114 43 -176 26 0
-114 43 -177 -26 0
-114 -43 176 26 0
-114 -43 177 -26 0
-114 44 -174 27 0
-114 44 -175 -27 0
-114 -44 174 27 0
-114 -44 175 -27 0
-114 45 -174 28 0
-114 45 -175 -28 0
-114 -45 174 28 0
-114 -45 175 -28 0
-114 46 -174 29 0
-114 46 -175 -29 0
-114 -46 174 29 0
-114 -46 175 -29 0
-114 47 -174 30 0
-114 47 -175 -30 0
-114 -47 174 30 0
-114 -47 175 -30 0
-114 48 -176 31 0
-114 48 -177 -31 0
-114 -48 176 31 0
-114 -48 177 -31 0
-114 49 -176 32 0
-114 49 -177 -32 0
-114 -49 176 32 0
-114 -49 177 -32 0
-114 50 -176 33 0
-114 50 -177 -33 0
-114 -50 176 33 0
-114 -50 177 -33 0
-114 51 -176 34 0
-114 51 -177 -34 0
-114 -51 176 34 0
-114 -51 177 -34 0
-115 36 -174 19 0
-115 36 -175 -19 0
-115 -36 174 19 0
-115 -36 175 -19 0
-115 37 -174 20 0
-115 37 -175 -20 0
-115 -37 174 20 0
-115 -37 175 -20 0
-115 38 -174 21 0
-115 38 -175 -21 0
-115 -38 174 21 0
-115 -38 175 -21 0
-115 39 -174 22 0
-115 39 -175 -22 0
-115 -39 174 22 0
-115 -39 175 -22 0
-115 40 -174 23 0
-115 40 -175 -23 0
-115 -40 174 23 0
-115 -40 175 -23 0
-115 41 -174 24 0
-115 41 -175 -24 0
-115 -41 174 24 0
-115 -41 175 -24 0
-115 42 -174 25 0
-115 42 -175 -25 0
-115 -42 174 25 0
-115 -42 175 -25 0
-115 43 -174 26 0
-115 43 -175 -26 0
-115 -43 174 26 0
-115 -43 175 -26 0
-115 44 -176 27 0
-115 44 -177 -27 0
-115 -44 176 27 0
-115 -44 177 -27 0
-115 45 -176 28 0
-115 45 -177 -28 0
-115 -45 176 28 0
-115 -45 177 -28 0
-115 46 -176 29 0
-115 46 -177 -29 0
-115 -46 176 29 0
-115 -46 177 -29 0
-115 47 -176 30 0
-115 47 -177 -30 0
-115 -47 176 30 0
-115 -47 177 -30 0
-115 48 -176 31 0
-115 48 -177 -31 0
-115 -48 176 31 0
-115 -48 177 -31 0
-115 49 -176 32 0
-115 49 -177 -32 0
-115 -49 176 32 0
-115 -49 177 -32 0
-115 50 -176 33 0
-115 50 -177 -33 0
-115 -50 176 33 0
-115 -50 177 -33 0
-115 51 -176 34 0
-115 51 -177 -34 0
-115 -51 176 34 0
-115 -51 177 -34 0
-116 36 -174 2 19 0
-116 36 -175 2 -19 0
-116 36 -176 -2 19 0
-116 36 -177 -2 -19 0
-116 -36 174 2 19 0
-116 -36 175 2 -19 0
-116 -36 176 -2 19 0
-116 -36 177 -2 -19 0
-116 37 -174 3 20 0
-116 37 -175 3 -20 0
-116 37 -176 -3 20 0
-116 37 -177 -3 -20 0
-116 -37 174 3 20 0
-116 -37 175 3 -20 0
-116 -37 176 -3 20 0
-116 -37 177 -3 -20 0
-116 38 -174 4 21 0
-116 38 -175 4 -21 0
-116 38 -176 -4 21 0
-116 38 -177 -4 -21 0
-116 -38 174 4 21 0
-116 -38 175 4 -21 0
-116 -38 176 -4 21 0
-116 -38 177 -4 -21 0
-116 39 -174 5 22 0
-116 39 -175 5 -22 0
-116 39 -176 -5 22 0
-116 39 -177 -5 -22 0
-116 -39 174 5 22 0
-116 -39 175 5 -22 0
-116 -39 176 -5 22 0
-116 -39 177 -5 -22 0
-116 40 -174 6 23 0
-116 40 -175 6 -23 0
-116 40 -176 -6 23 0
-116 40 -177 -6 -23 0
-116 -40 174 6 23 0
-116 -40 175 6 -23 0
-116 -40 176 -6 23 0
-116 -40 177 -6 -23 0
-116 41 -174 7 24 0
-116 41 -175 7 -24 0
-116 41 -176 -7 24 0
-116 41 -177 -7 -24 0
-116 -41 174 7 24 0
-116 -41 175 7 -24 0
-116 -41 176 -7 24 0
-116 -41 177 -7 -24 0
-116 42 -174 8 25 0
-116 42 -175 8 -25 0
-116 42 -176 -8 25 0
-116 42 -177 -8 -25 0
-116 -42 174 8 25 0
-116 -42 175 8 -25 0
-116 -42 176 -8 25 0
-116 -42 177 -8 -25 0
-116 43 -174 9 26 0
-116 43 -175 9 -26 0
-116 43 -176 -9 26 0
-116 43 -177 -9 -26 0
-116 -43 174 9 26 0
-116 -43 175 9 -26 0
-116 -43 176 -9 26 0
-116 -43 177 -9 -26 0
-116 44 -174 10 27 0
-116 44 -175 10 -27 0
-116 44 -176 -10 27 0
-116 44 -177 -10 -27 0
-116 -44 174 10 27 0
-116 -44 175 10 -27 0
-116 -44 176 -10 27 0
-116 -44 177 -10 -27 0
-116 45 -174 11 28 0
-116 45 -175 11 -28 0
-116 45 -176 -11 28 0
-116 45 -177 -11 -28 0
-116 -45 174 11 28 0
-116 -45 175 11 -28 0
-116 -45 176 -11 28 0
-116 -45 177 -11 -28 0
-116 46 -174 12 29 0
-116 46 -175 12 -29 0
-116 46 -176 -12 29 0
-116 46 -177 -12 -29 0
-116 -46 174 12 29 0
-116 -46 175 12 -29 0
-116 -46 176 -12 29 0
-116 -46 177 -12 -29 0
-116 47 -174 13 30 0
-116 47 -175 13 -30 0
-116 47 -176 -13 30 0
-116 47 -177 -13 -30 0
-116 -47 174 13 30 0
-116 -47 175 13 -30 0
-116 -47 176 -13 30 0
-116 -47 177 -13 -30 0
-116 48 -174 14 31 0
-116 48 -175 14 -31 0
-116 48 -176 -14 31 0
-116 48 -177 -14 -31 0
-116 -48 174 14 31 0
-116 -48 175 14 -31 0
-116 -48 176 -14 31 0
-116 -48 177 -14 -31 0
-116 49 -174 15 32 0
-116 49 -175 15 -32 0
-116 49 -176 -15 32 0
-116 49 -177 -15 -32 0
-116 -49 174 15 32 0
-116 -49 175 15 -32 0
-116 -49 176 -15 32 0
-116 -49 177 -15 -32 0
-116 50 -174 16 33 0
-116 50 -175 16 -33 0
-116 50 -176 -16 33 0
-116 50 -177 -16 -33 0
-116 -50 174 16 33 0
-116 -50 175 16 -33 0
-116 -50 176 -16 33 0
-116 -50 177 -16 -33 0
-116 51 -174 17 34 0
-116 51 -175 17 -34 0
-116 51 -176 -17 34 0
-116 51 -177 -17 -34 0
-116 -51 174 17 34 0
-116 -51 175 17 -34 0
-116 -51 176 -17 34 0
-116 -51 177 -17 -34 0
-117 53 -178 0
-117 -53 178 0
-117 54 -180 0
-117 -54 180 0
-117 55 -179 0
-117 -55 179 0
-117 56 -181 0
-117 -56 181 0
-117 57 -178 0
-117 -57 178 0
-117 58 -180 0
-117 -58 180 0
-117 59 -179 0
-117 -59 179 0
-117 60 -181 0
-117 -60 181 0
-117 61 -178 0
-117 -61 178 0
-117 62 -180 0
-117 -62 180 0
-117 63 -179 0
-117 -63 179 0
-117 64 -181 0
-117 -64 181 0
-117 65 -178 0
-117 -65 178 0
-117 66 -180 0
-117 -66 180 0
-117 67 -179 0
-117 -67 179 0
-117 68 -181 0
-117 -68 181 0
-118 53 -178 0
-118 -53 178 0
-118 54 -180 0
-118 -54 180 0
-118 55 -178 0
-118 -55 178 0
-118 56 -180 0
-118 -56 180 0
-118 57 -179 0
-118 -57 179 0
-118 58 -181 0
-118 -58 181 0
-118 59 -179 0
-118 -59 179 0
-118 60 -181 0
-118 -60 181 0
-118 61 -178 0
-118 -61 178 0
-118 62 -180 0
-118 -62 180 0
-118 63 -178 0
-118 -63 178 0
-118 64 -180 0
-118 -64 180 0
-118 65 -179 0
-118 -65 179 0
-118 66 -181 0
-118 -66 181 0
-118 67 -179 0
-118 -67 179 0
-118 68 -181 0
-118 -68 181 0
-119 53 -178 0
-119 -53 178 0
-119 54 -178 0
-119 -54 178 0
-119 55 -180 0
-119 -55 180 0
-119 56 -180 0
-119 -56 180 0
-119 57 -179 0
-119 -57 179 0
-119 58 -179 0
-119 -58 179 0
-119 59 -181 0
-119 -59 181 0
-119 60 -181 0
-119 -60 181 0
-119 61 -178 0
-119 -61 178 0
-119 62 -178 0
-119 -62 178 0
-119 63 -180 0
-119 -63 180 0
-119 64 -180 0
-119 -64 180 0
-119 65 -179 0
-119 -65 179 0
-119 66 -179 0
-119 -66 179 0
-119 67 -181 0
-119 -67 181 0
-119 68 -181 0
-119 -68 181 0
-120 53 -178 0
-120 -53 178 0
-120 54 -180 0
-120 -54 180 0
-120 55 -178 0
-120 -55 178 0
-120 56 -180 0
-120 -56 180 0
-120 57 -178 0
-120 -57 178 0
-120 58 -180 0
-120 -58 180 0
-120 59 -178 0
-120 -59 178 0
-120 60 -180 0
-120 -60 180 0
-120 61 -179 0
-120 -61 179 0
-120 62 -181 0
-120 -62 181 0
-120 63 -179 0
-120 -63 179 0
-120 64 -181 0
-120 -64 181 0
-120 65 -179 0
-120 -65 179 0
-120 66 -181 0
-120 -66 181 0
-120 67 -179 0
-120 -67 179 0
-120 68 -181 0
-120 -68 181 0
-121 53 -178 0
-121 -53 178 0
-121 54 -178 0
-121 -54 178 0
-121 55 -180 0
-121 -55 180 0
-121 56 -180 0
-121 -56 180 0
-121 57 -178 0
-121 -57 178 0
-121 58 -178 0
-121 -58 178 0
-121 59 -180 0
-121 -59 180 0
-121 60 -180 0
-121 -60 180 0
-121 61 -179 0
-121 -61 179 0
-121 62 -179 0
-121 -62 179 0
-121 63 -181 0
-121 -63 181 0
-121 64 -181 0
-121 -64 181 0
-121 65 -179 0
-121 -65 179 0
-121 66 -179 0
-121 -66 179 0
-121 67 -181 0
-121 -67 181 0
-121 68 -181 0
-121 -68 181 0
-122 53 -178 0
-122 -53 178 0
-122 54 -178 0
-122 -54 178 0
-122 55 -178 0
-122 -55 178 0
-122 56 -178 0
-122 -56 178 0
-122 57 -180 0
-122 -57 180 0
-122 58 -180 0
-122 -58 180 0
-122 59 -180 0
-122 -59 180 0
-122 60 -180 0
-122 -60 180 0
-122 61 -179 0
-122 -61 179 0
-122 62 -179 0
-122 -62 179 0
-122 63 -179 0
-122 -63 179 0
-122 64 -179 0
-122 -64 179 0
-122 65 -181 0
-122 -65 181 0
-122 66 -181 0
-122 -66 181 0
-122 67 -181 0
-122 -67 181 0
-122 68 -181 0
-122 -68 181 0
-123 53 -178 2 0
-123 53 -179 -2 0
-123 -53 178 2 0
-123 -53 179 -2 0
-123 54 -180 3 0
-123 54 -181 -3 0
-123 -54 180 3 0
-123 -54 181 -3 0
-123 55 -178 4 0
-123 55 -179 -4 0
-123 -55 178 4 0
-123 -55 179 -4 0
-123 56 -180 5 0
-123 56 -181 -5 0
-123 -56 180 5 0
-123 -56 181 -5 0
-123 57 -178 6 0
-123 57 -179 -6 0
-123 -57 178 6 0
-123 -57 179 -6 0
-123 58 -180 7 0
-123 58 -181 -7 0
-123 -58 180 7 0
-123 -58 181 -7 0
-123 59 -178 8 0
-123 59 -179 -8 0
-123 -59 178 8 0
-123 -59 179 -8 0
-123 60 -180 9 0
-123 60 -181 -9 0
-123 -60 180 9 0
-123 -60 181 -9 0
-123 61 -178 10 0
-123 61 -179 -10 0
-123 -61 178 10 0
-123 -61 179 -10 0
-123 62 -180 11 0
-123 62 -181 -11 0
-123 -62 180 11 0
-123 -62 181 -11 0
-123 63 -178 12 0
-123 63 -179 -12 0
-123 -63 178 12 0
-123 -63 179 -12 0
-123 64 -180 13 0
-123 64 -181 -13 0
-123 -64 180 13 0
-123 -64 181 -13 0
-123 65 -178 14 0
-123 65 -179 -14 0
-123 -65 178 14 0
-123 -65 179 -14 0
-123 66 -180 15 0
-123 66 -181 -15 0
-123 -66 180 15 0
-123 -66 181 -15 0
-123 67 -178 16 0
-123 67 -179 -16 0
-123 -67 178 16 0
-123 -67 179 -16 0
-123 68 -180 17 0
-123 68 -181 -17 0
-123 -68 180 17 0
-123 -68 181 -17 0
-124 53 -178 2 0
-124 53 -179 -2 0
-124 -53 178 2 0
-124 -53 179 -2 0
-124 54 -178 3 0
-124 54 -179 -3 0
-124 -54 178 3 0
-124 -54 179 -3 0
-124 55 -180 4 0
-124 55 -181 -4 0
-124 -55 180 4 0
-124 -55 181 -4 0
-124 56 -180 5 0
-124 56 -181 -5 0
-124 -56 180 5 0
-124 -56 181 -5 0
-124 57 -178 6 0
-124 57 -179 -6 0
-124 -57 178 6 0
-124 -57 179 -6 0
-124 58 -178 7 0
-124 58 -179 -7 0
-124 -58 178 7 0
-124 -58 179 -7 0
-124 59 -180 8 0
-124 59 -181 -8 0
-124 -59 180 8 0
-124 -59 181 -8 0
-124 60 -180 9 0
-124 60 -181 -9 0
-124 -60 180 9 0
-124 -60 181 -9 0
-124 61 -178 10 0
-124 61 -179 -10 0
-124 -61 178 10 0
-124 -61 179 -10 0
-124 62 -178 11 0
-124 62 -179 -11 0
-124 -62 178 11 0
-124 -62 179 -11 0
-124 63 -180 12 0
-124 63 -181 -12 0
-124 -63 180 12 0
-124 -63 181 -12 0
-124 64 -180 13 0
-124 64 -181 -13 0
-124 -64 180 13 0
-124 -64 181 -13 0
-124 65 -178 14 0
-124 65 -179 -14 0
-124 -65 178 14 0
-124 -65 179 -14 0
-124 66 -178 15 0
-124 66 -179 -15 0
-124 -66 178 15 0
-124 -66 179 -15 0
-124 67 -180 16 0
-124 67 -181 -16 0
-124 -67 180 16 0
-124 -67 181 -16 0
-124 68 -180 17 0
-124 68 -181 -17 0
-124 -68 180 17 0
-124 -68 181 -17 0
-125 53 -178 2 0
-125 53 -179 -2 0
-125 -53 178 2 0
-125 -53 179 -2 0
-125 54 -178 3 0
-125 54 -179 -3 0
-125 -54 178 3 0
-125 -54 179 -3 0
-125 55 -178 4 0
-125 55 -179 -4 0
-125 -55 178 4 0
-125 -55 179 -4 0
-125 56 -178 5 0
-125 56 -179 -5 0
-125 -56 178 5 0
-125 -56 179 -5 0
-125 57 -180 6 0
-125 57 -181 -6 0
-125 -57 180 6 0
-125 -57 181 -6 0
-125 58 -180 7 0
-125 58 -181 -7 0
-125 -58 180 7 0
-125 -58 181 -7 0
-125 59 -180 8 0
-125 59 -181 -8 0
-125 -59 180 8 0
-125 -59 181 -8 0
-125 60 -180 9 0
-125 60 -181 -9 0
-125 -60 180 9 0
-125 -60 181 -9 0
-125 61 -178 10 0
-125 61 -179 -10 0
-125 -61 178 10 0
-125 -61 179 -10 0
-125 62 -178 11 0
-125 62 -179 -11 0
-125 -62 178 11 0
-125 -62 179 -11 0
-125 63 -178 12 0
-125 63 -179 -12 0
-125 -63 178 12 0
-125 -63 179 -12 0
-125 64 -178 13 0
-125 64 -179 -13 0
-125 -64 178 13 0
-125 -64 179 -13 0
-125 65 -180 14 0
-125 65 -181 -14 0
-125 -65 180 14 0
-125 -65 181 -14 0
-125 66 -180 15 0
-125 66 -181 -15 0
-125 -66 180 15 0
-125 -66 181 -15 0
-125 67 -180 16 0
-125 67 -181 -16 0
-125 -67 180 16 0
-125 -67 181 -16 0
-125 68 -180 17 0
-125 68 -181 -17 0
-125 -68 180 17 0
-125 -68 181 -17 0
-126 53 -178 2 0
-126 53 -179 -2 0
-126 -53 178 2 0
-126 -53 179 -2 0
-126 54 -178 3 0
-126 54 -179 -3 0
-126 -54 178 3 0
-126 -54 179 -3 0
-126 55 -178 4 0
-126 55 -179 -4 0
-126 -55 178 4 0
-126 -55 179 -4 0
-126 56 -178 5 0
-126 56 -179 -5 0
-126 -56 178 5 0
-126 -56 179 -5 0
-126 57 -178 6 0
-126 57 -179 -6 0
-126 -57 178 6 0
-126 -57 179 -6 0
-126 58 -178 7 0
-126 58 -179 -7 0
-126 -58 178 7 0
-126 -58 179 -7 0
-126 59 -178 8 0
-126 59 -179 -8 0
-126 -59 178 8 0
-126 -59 179 -8 0
-126 60 -178 9 0
-126 60 -179 -9 0
-126 -60 178 9 0
-126 -60 179 -9 0
-126 61 -180 10 0
-126 61 -181 -10 0
-126 -61 180 10 0
-126 -61 181 -10 0
-126 62 -180 11 0
-126 62 -181 -11 0
-126 -62 180 11 0
-126 -62 181 -11 0
-126 63 -180 12 0
-126 63 -181 -12 0
-126 -63 180 12 0
-126 -63 181 -12 0
-126 64 -180 13 0
-126 64 -181 -13 0
-126 -64 180 13 0
-126 -64 181 -13 0
-126 65 -180 14 0
-126 65 -181 -14 0
-126 -65 180 14 0
-126 -65 181 -14 0
-126 66 -180 15 0
-126 66 -181 -15 0
-126 -66 180 15 0
-126 -66 181 -15 0
-126 67 -180 16 0
-126 67 -181 -16 0
-126 -67 180 16 0
-126 -67 181 -16 0
-126 68 -180 17 0
-126 68 -181 -17 0
-126 -68 180 17 0
-126 -68 181 -17 0
-127 53 -178 19 0
-127 53 -179 -19 0
-127 -53 178 19 0
-127 -53 179 -19 0
-127 54 -180 20 0
-127 54 -181 -20 0
-127 -54 180 20 0
-127 -54 181 -20 0
-127 55 -178 21 0
-127 55 -179 -21 0
-127 -55 178 21 0
-127 -55 179 -21 0
-127 56 -180 22 0
-127 56 -181 -22 0
-127 -56 180 22 0
-127 -56 181 -22 0
-127 57 -178 23 0
-127 57 -179 -23 0
-127 -57 178 23 0
-127 -57 179 -23 0
-127 58 -180 24 0
-127 58 -181 -24 0
-127 -58 180 24 0
-127 -58 181 -24 0
-127 59 -178 25 0
-127 59 -179 -25 0
-127 -59 178 25 0
-127 -59 179 -25 0
-127 60 -180 26 0
-127 60 -181 -26 0
-127 -60 180 26 0
-127 -60 181 -26 0
-127 61 -178 27 0
-127 61 -179 -27 0
-127 -61 178 27 0
-127 -61 179 -27 0
-127 62 -180 28 0
-127 62 -181 -28 0
-127 -62 180 28 0
-127 -62 181 -28 0
-127 63 -178 29 0
-127 63 -179 -29 0
-127 -63 178 29 0
-127 -63 179 -29 0
-127 64 -180 30 0
-127 64 -181 -30 0
-127 -64 180 30 0
-127 -64 181 -30 0
-127 65 -178 31 0
-127 65 -179 -31 0
-127 -65 178 31 0
-127 -65 179 -31 0
-127 66 -180 32 0
-127 66 -181 -32 0
-127 -66 180 32 0
-127 -66 181 -32 0
-127 67 -178 33 0
-127 67 -179 -33 0
-127 -67 178 33 0
-127 -67 179 -33 0
-127 68 -180 34 0
-127 68 -181 -34 0
-127 -68 180 34 0
-127 -68 181 -34 0
-128 53 -178 19 0
-128 53 -179 -19 0
-128 -53 178 19 0
-128 -53 179 -19 0
-128 54 -178 20 0
-128 54 -179 -20 0
-128 -54 178 20 0
-128 -54 179 -20 0
-128 55 -180 21 0
-128 55 -181 -21 0
-128 -55 180 21 0
-128 -55 181 -21 0
-128 56 -180 22 0
-128 56 -181 -22 0
-128 -56 180 22 0
-128 -56 181 -22 0
-128 57 -178 23 0
-128 57 -179 -23 0
-128 -57 178 23 0
-128 -57 179 -23 0
-128 58 -178 24 0
-128 58 -179 -24 0
-128 -58 178 24 0
-128 -58 179 -24 0
-128 59 -180 25 0
-128 59 -181 -25 0
-128 -59 180 25 0
-128 -59 181 -25 0
-128 60 -180 26 0
-128 60 -181 -26 0
-128 -60 180 26 0
-128 -60 181 -26 0
-128 61 -178 27 0
-128 61 -179 -27 0
-128 -61 178 27 0
-128 -61 179 -27 0
-128 62 -178 28 0
-128 62 -179 -28 0
-128 -62 178 28 0
-128 -62 179 -28 0
-128 63 -180 29 0
-128 63 -181 -29 0
-128 -63 180 29 0
-128 -63 181 -29 0
-128 64 -180 30 0
-128 64 -181 -30 0
-128 -64 180 30 0
-128 -64 181 -30 0
-128 65 -178 31 0
-128 65 -179 -31 0
-128 -65 178 31 0
-128 -65 179 -31 0
-128 66 -178 32 0
-128 66 -179 -32 0
-128 -66 178 32 0
-128 -66 179 -32 0
-128 67 -180 33 0
-128 67 -181 -33 0
-128 -67 180 33 0
-128 -67 181 -33 0
-128 68 -180 34 0
-128 68 -181 -34 0
-128 -68 180 34 0
-128 -68 181 -34 0
-129 53 -178 19 0
-129 53 -179 -19 0
-129 -53 178 19 0
-129 -53 179 -19 0
-129 54 -178 20 0
-129 54 -179 -20 0
-129 -54 178 20 0
-129 -54 179 -20 0
-129 55 -178 21 0
-129 55 -179 -21 0
-129 -55 178 21 0
-129 -55 179 -21 0
-129 56 -178 22 0
-129 56 -179 -22 0
-129 -56 178 22 0
-129 -56 179 -22 0
-129 57 -180 23 0
-129 57 -181 -23 0
-129 -57 180 23 0
-129 -57 181 -23 0
-129 58 -180 24 0
-129 58 -181 -24 0
-129 -58 180 24 0
-129 -58 181 -24 0
-129 59 -180 25 0
-129 59 -181 -25 0
-129 -59 180 25 0
-129 -59 181 -25 0
-129 60 -180 26 0
-129 60 -181 -26 0
-129 -60 180 26 0
-129 -60 181 -26 0
-129 61 -178 27 0
-129 61 -179 -27 0
-129 -61 178 27 0
-129 -61 179 -27 0
-129 62 -178 28 0
-129 62 -179 -28 0
-129 -62 178 28 0
-129 -62 179 -28 0
-129 63 -178 29 0
-129 63 -179 -29 0
-129 -63 178 29 0
-129 -63 179 -29 0
-129 64 -178 30 0
-129 64 -179 -30 0
-129 -64 178 30 0
-129 -64 179 -30 0
-129 65 -180 31 0
-129 65 -181 -31 0
-129 -65 180 31 0
-129 -65 181 -31 0
-129 66 -180 32 0
-129 66 -181 -32 0
-129 -66 180 32 0
-129 -66 181 -32 0
-129 67 -180 33 0
-129 67 -181 -33 0
-129 -67 180 33 0
-129 -67 181 -33 0
-129 68 -180 34 0
-129 68 -181 -34 0
-129 -68 180 34 0
-129 -68 181 -34 0
-130 53 -178 19 0
-130 53 -179 -19 0
-130 -53 178 19 0
-130 -53 179 -19 0
-130 54 -178 20 0
-130 54 -179 -20 0
-130 -54 178 20 0
-130 -54 179 -20 0
-130 55 -178 21 0
-130 55 -179 -21 0
-130 -55 178 21 0
-130 -55 179 -21 0
-130 56 -178 22 0
-130 56 -179 -22 0
-130 -56 178 22 0
-130 -56 179 -22 0
-130 57 -178 23 0
-130 57 -179 -23 0
-130 -57 178 23 0
-130 -57 179 -23 0
-130 58 -178 24 0
-130 58 -179 -24 0
-130 -58 178 24 0
-130 -58 179 -24 0
-130 59 -178 25 0
-130 59 -179 -25 0
-130 -59 178 25 0
-130 -59 179 -25 0
-130 60 -178 26 0
-130 60 -179 -26 0
-130 -60 178 26 0
-130 -60 179 -26 0
-130 61 -180 27 0
-130 61 -181 -27 0
-130 -61 180 27 0
-130 -61 181 -27 0
-130 62 -180 28 0
-130 62 -181 -28 0
-130 -62 180 28 0
-130 -62 181 -28 0
-130 63 -180 29 0
-130 63 -181 -29 0
-130 -63 180 29 0
-130 -63 181 -29 0
-130 64 -180 30 0
-130 64 -181 -30 0
-130 -64 180 30 0
-130 -64 181 -30 0
-130 65 -180 31 0
-130 65 -181 -31 0
-130 -65 180 31 0
-130 -65 181 -31 0
-130 66 -180 32 0
-130 66 -181 -32 0
-130 -66 180 32 0
-130 -66 181 -32 0
-130 67 -180 33 0
-130 67 -181 -33 0
-130 -67 180 33 0
-130 -67 181 -33 0
-130 68 -180 34 0
-130 68 -181 -34 0
-130 -68 180 34 0
-130 -68 181 -34 0
-131 53 -178 2 19 0
-131 53 -179 2 -19 0
-131 53 -180 -2 19 0
-131 53 -181 -2 -19 0
-131 -53 178 2 19 0
-131 -53 179 2 -19 0
-131 -53 180 -2 19 0
-131 -53 181 -2 -19 0
-131 54 -178 3 20 0
-131 54 -179 3 -20 0
-131 54 -180 -3 20 0
-131 54 -181 -3 -20 0
-131 -54 178 3 20 0
-131 -54 179 3 -20 0
-131 -54 180 -3 20 0
-131 -54 181 -3 -20 0
-131 55 -178 4 21 0
-131 55 -179 4 -21 0
-131 55 -180 -4 21 0
-131 55 -181 -4 -21 0
-131 -55 178 4 21 0
-131 -55 179 4 -21 0
-131 -55 180 -4 21 0
-131 -55 181 -4 -21 0
-131 56 -178 5 22 0
-131 56 -179 5 -22 0
-131 56 -180 -5 22 0
-131 56 -181 -5 -22 0
-131 -56 178 5 22 0
-131 -56 179 5 -22 0
-131 -56 180 -5 22 0
-131 -56 181 -5 -22 0
-131 57 -178 6 23 0
-131 57 -179 6 -23 0
-131 57 -180 -6 23 0
-131 57 -181 -6 -23 0
-131 -57 178 6 23 0
-131 -57 179 6 -23 0
-131 -57 180 -6 23 0
-131 -57 181 -6 -23 0
-131 58 -178 7 24 0
-131 58 -179 7 -24 0
-131 58 -180 -7 24 0
-131 58 -181 -7 -24 0
-131 -58 178 7 24 0
-131 -58 179 7 -24 0
-131 -58 180 -7 24 0
-131 -58 181 -7 -24 0
-131 59 -178 8 25 0
-131 59 -179 8 -25 0
-131 59 -180 -8 25 0
-131 59 -181 -8 -25 0
-131 -59 178 8 25 0
-131 -59 179 8 -25 0
-131 -59 180 -8 25 0
-131 -59 181 -8 -25 0
-131 60 -178 9 26 0
-131 60 -179 9 -26 0
-131 60 -180 -9 26 0
-131 60 -181 -9 -26 0
-131 -60 178 9 26 0
-131 -60 179 9 -26 0
-131 -60 180 -9 26 0
-131 -60 181 -9 -26 0
-131 61 -178 10 27 0
-131 61 -179 10 -27 0
-131 61 -180 -10 27 0
-131 61 -181 -10 -27 0
-131 -61 178 10 27 0
-131 -61 179 10 -27 0
-131 -61 180 -10 27 0
-131 -61 181 -10 -27 0
-131 62 -178 11 28 0
-131 62 -179 11 -28 0
-131 62 -180 -11 28 0
-131 62 -181 -11 -28 0
-131 -62 178 11 28 0
-131 -62 179 11 -28 0
-131 -62 180 -11 28 0
-131 -62 181 -11 -28 0
-131 63 -178 12 29 0
-131 63 -179 12 -29 0
-131 63 -180 -12 29 0
-131 63 -181 -12 -29 0
-131 -63 178 12 29 0
-131 -63 179 12 -29 0
-131 -63 180 -12 29 0
-131 -63 181 -12 -29 0
-131 64 -178 13 30 0
-131 64 -179 13 -30 0
-131 64 -180 -13 30 0
-131 64 -181 -13 -30 0
-131 -64 178 13 30 0
-131 -64 179 13 -30 0
-131 -64 180 -13 30 0
-131 -64 181 -13 -30 0
-131 65 -178 14 31 0
-131 65 -179 14 -31 0
-131 65 -180 -14 31 0
-131 65 -181 -14 -31 0
-131 -65 178 14 31 0
-131 -65 179 14 -31 0
-131 -65 180 -14 31 0
-131 -65 181 -14 -31 0
-131 66 -178 15 32 0
-131 66 -179 15 -32 0
-131 66 -180 -15 32 0
-131 66 -181 -15 -32 0
-131 -66 178 15 32 0
-131 -66 179 15 -32 0
-131 -66 180 -15 32 0
-131 -66 181 -15 -32 0
-131 67 -178 16 33 0
-131 67 -179 16 -33 0
-131 67 -180 -16 33 0
-131 67 -181 -16 -33 0
-131 -67 178 16 33 0
-131 -67 179 16 -33 0
-131 -67 180 -16 33 0
-131 -67 181 -16 -33 0
-131 68 -178 17 34 0
-131 68 -179 17 -34 0
-131 68 -180 -17 34 0
-131 68 -181 -17 -34 0
-131 -68 178 17 34 0
-131 -68 179 17 -34 0
-131 -68 180 -17 34 0
-131 -68 181 -17 -34 0
-132 53 -178 36 0
-132 53 -179 -36 0
-132 -53 178 36 0
-132 -53 179 -36 0
-132 54 -180 37 0
-132 54 -181 -37 0
-132 -54 180 37 0
-132 -54 181 -37 0
-132 55 -178 38 0
-132 55 -179 -38 0
-132 -55 178 38 0
-132 -55 179 -38 0
-132 56 -180 39 0
-132 56 -181 -39 0
-132 -56 180 39 0
-132 -56 181 -39 0
-132 57 -178 40 0
-132 57 -179 -40 0
-132 -57 178 40 0
-132 -57 179 -40 0
-132 58 -180 41 0
-132 58 -181 -41 0
-132 -58 180 41 0
-132 -58 181 -41 0
-132 59 -178 42 0
-132 59 -179 -42 0
-132 -59 178 42 0
-132 -59 179 -42 0
-132 60 -180 43 0
-132 60 -181 -43 0
-132 -60 180 43 0
-132 -60 181 -43 0
-132 61 -178 44 0
-132 61 -179 -44 0
-132 -61 178 44 0
-132 -61 179 -44 0
-132 62 -180 45 0
-132 62 -181 -45 0
-132 -62 180 45 0
-132 -62 181 -45 0
-132 63 -178 46 0
-132 63 -179 -46 0
-132 -63 178 46 0
-132 -63 179 -46 0
-132 64 -180 47 0
-132 64 -181 -47 0
-132 -64 180 47 0
-132 -64 181 -47 0
-132 65 -178 48 0
-132 65 -179 -48 0
-132 -65 178 48 0
-132 -65 179 -48 0
-132 66 -180 49 0
-132 66 -181 -49 0
-132 -66 180 49 0
-132 -66 181 -49 0
-132 67 -178 50 0
-132 67 -179 -50 0
-132 -67 178 50 0
-132 -67 179 -50 0
-132 68 -180 51 0
-132 68 -181 -51 0
-132 -68 180 51 0
-132 -68 181 -51 0
-133 53 -178 36 0
-133 53 -179 -36 0
-133 -53 178 36 0
-133 -53 179 -36 0
-133 54 -178 37 0
-133 54 -179 -37 0
-133 -54 178 37 0
-133 -54 179 -37 0
-133 55 -180 38 0
-133 55 -181 -38 0
-133 -55 180 38 0
-133 -55 181 -38 0
-133 56 -180 39 0
-133 56 -181 -39 0
-133 -56 180 39 0
-133 -56 181 -39 0
-133 57 -178 40 0
-133 57 -179 -40 0
-133 -57 178 40 0
-133 -57 179 -40 0
-133 58 -178 41 0
-133 58 -179 -41 0
-133 -58 178 41 0
-133 -58 179 -41 0
-133 59 -180 42 0
-133 59 -181 -42 0
-133 -59 180 42 0
-133 -59 181 -42 0
-133 60 -180 43 0
-133 60 -181 -43 0
-133 -60 180 43 0
-133 -60 181 -43 0
-133 61 -178 44 0
-133 61 -179 -44 0
-133 -61 178 44 0
-133 -61 179 -44 0
-133 62 -178 45 0
-133 62 -179 -45 0
-133 -62 178 45 0
-133 -62 179 -45 0
-133 63 -180 46 0
-133 63 -181 -46 0
-133 -63 180 46 0
-133 -63 181 -46 0
-133 64 -180 47 0
-133 64 -181 -47 0
-133 -64 180 47 0
-133 -64 181 -47 0
-133 65 -178 48 0
-133 65 -179 -48 0
-133 -65 178 48 0
-133 -65 179 -48 0
-133 66 -178 49 0
-133 66 -179 -49 0
-133 -66 178 49 0
-133 -66 179 -49 0
-133 67 -180 50 0
-133 67 -181 -50 0
-133 -67 180 50 0
-133 -67 181 -50 0
-133 68 -180 51 0
-133 68 -181 -51 0
-133 -68 180 51 0
-133 -68 181 -51 0
-134 53 -178 36 0
-134 53 -179 -36 0
-134 -53 178 36 0
-134 -53 179 -36 0
-134 54 -178 37 0
-134 54 -179 -37 0
-134 -54 178 37 0
-134 -54 179 -37 0
-134 55 -178 38 0
-134 55 -179 -38 0
-134 -55 178 38 0
-134 -55 179 -38 0
-134 56 -178 39 0
-134 56 -179 -39 0
-134 -56 178 39 0
-134 -56 179 -39 0
-134 57 -180 40 0
-134 57 -181 -40 0
-134 -57 180 40 0
-134 -57 181 -40 0
-134 58 -180 41 0
-134 58 -181 -41 0
-134 -58 180 41 0
-134 -58 181 -41 0
-134 59 -180 42 0
-134 59 -181 -42 0
-134 -59 180 42 0
-134 -59 181 -42 0
-134 60 -180 43 0
-134 60 -181 -43 0
-134 -60 180 43 0
-134 -60 181 -43 0
-134 61 -178 44 0
-134 61 -179 -44 0
-134 -61 178 44 0
-134 -61 179 -44 0
-134 62 -178 45 0
-134 62 -179 -45 0
-134 -62 178 45 0
-134 -62 179 -45 0
-134 63 -178 46 0
-134 63 -179 -46 0
-134 -63 178 46 0
-134 -63 179 -46 0
-134 64 -178 47 0
-134 64 -179 -47 0
-134 -64 178 47 0
-134 -64 179 -47 0
-134 65 -180 48 0
-134 65 -181 -48 0
-134 -65 180 48 0
-134 -65 181 -48 0
-134 66 -180 49 0
-134 66 -181 -49 0
-134 -66 180 49 0
-134 -66 181 -49 0
-134 67 -180 50 0
-134 67 -181 -50 0
-134 -67 180 50 0
-134 -67 181 -50 0
-134 68 -180 51 0
-134 68 -181 -51 0
-134 -68 180 51 0
-134 -68 181 -51 0
-135 53 -178 36 0
-135 53 -179 -36 0
-135 -53 178 36 0
-135 -53 179 -36 0
-135 54 -178 37 0
-135 54 -179 -37 0
-135 -54 178 37 0
-135 -54 179 -37 0
-135 55 -178 38 0
-135 55 -179 -38 0
-135 -55 178 38 0
-135 -55 179 -38 0
-135 56 -178 39 0
-135 56 -179 -39 0
-135 -56 178 39 0
-135 -56 179 -39 0
-135 57 -178 40 0
-135 57 -179 -40 0
-135 -57 178 40 0
-135 -57 179 -40 0
-135 58 -178 41 0
-135 58 -179 -41 0
-135 -58 178 41 0
-135 -58 179 -41 0
-135 59 -178 42 0
-135 59 -179 -42 0
-135 -59 178 42 0
-135 -59 179 -42 0
-135 60 -178 43 0
-135 60 -179 -43 0
-135 -60 178 43 0
-135 -60 179 -43 0
-135 61 -180 44 0
-135 61 -181 -44 0
-135 -61 180 44 0
-135 -61 181 -44 0
-135 62 -180 45 0
-135 62 -181 -45 0
-135 -62 180 45 0
-135 -62 181 -45 0
-135 63 -180 46 0
-135 63 -181 -46 0
-135 -63 180 46 0
-135 -63 181 -46 0
-135 64 -180 47 0
-135 64 -181 -47 0
-135 -64 180 47 0
-135 -64 181 -47 0
-135 65 -180 48 0
-135 65 -181 -48 0
-135 -65 180 48 0
-135 -65 181 -48 0
-135 66 -180 49 0
-135 66 -181 -49 0
-135 -66 180 49 0
-135 -66 181 -49 0
-135 67 -180 50 0
-135 67 -181 -50 0
-135 -67 180 50 0
-135 -67 181 -50 0
-135 68 -180 51 0
-135 68 -181 -51 0
-135 -68 180 51 0
-135 -68 181 -51 0
-136 53 -178 2 36 0
-136 53 -179 2 -36 0
-136 53 -180 -2 36 0
-136 53 -181 -2 -36 0
-136 -53 178 2 36 0
-136 -53 179 2 -36 0
-136 -53 180 -2 36 0
-136 -53 181 -2 -36 0
-136 54 -178 3 37 0
-136 54 -179 3 -37 0
-136 54 -180 -3 37 0
-136 54 -181 -3 -37 0
-136 -54 178 3 37 0
-136 -54 179 3 -37 0
-136 -54 180 -3 37 0
-136 -54 181 -3 -37 0
-136 55 -178 4 38 0
-136 55 -179 4 -38 0
-136 55 -180 -4 38 0
-136 55 -181 -4 -38 0
-136 -55 178 4 38 0
-136 -55 179 4 -38 0
-136 -55 180 -4 38 0
-136 -55 181 -4 -38 0
-136 56 -178 5 39 0
-136 56 -179 5 -39 0
-136 56 -180 -5 39 0
-136 56 -181 -5 -39 0
-136 -56 178 5 39 0
-136 -56 179 5 -39 0
-136 -56 180 -5 39 0
-136 -56 181 -5 -39 0
-136 57 -178 6 40 0
-136 57 -179 6 -40 0
-136 57 -180 -6 40 0
-136 57 -181 -6 -40 0
-136 -57 178 6 40 0
-136 -57 179 6 -40 0
-136 -57 180 -6 40 0
-136 -57 181 -6 -40 0
-136 58 -178 7 41 0
-136 58 -179 7 -41 0
-136 58 -180 -7 41 0
-136 58 -181 -7 -41 0
-136 -58 178 7 41 0
-136 -58 179 7 -41 0
-136 -58 180 -7 41 0
-136 -58 181 -7 -41 0
-136 59 -178 8 42 0
-136 59 -179 8 -42 0
-136 59 -180 -8 42 0
-136 59 -181 -8 -42 0
-136 -59 178 8 42 0
-136 -59 179 8 -42 0
-136 -59 180 -8 42 0
-136 -59 181 -8 -42 0
-136 60 -178 9 43 0
-136 60 -179 9 -43 0
-136 60 -180 -9 43 0
-136 60 -181 -9 -43 0
-136 -60 178 9 43 0
-136 -60 179 9 -43 0
-136 -60 180 -9 43 0
-136 -60 181 -9 -43 0
-136 61 -178 10 44 0
-136 61 -179 10 -44 0
-136 61 -180 -10 44 0
-136 61 -181 -10 -44 0
-136 -61 178 10 44 0
-136 -61 179 10 -44 0
-136 -61 180 -10 44 0
-136 -61 181 -10 -44 0
-136 62 -178 11 45 0
-136 62 -179 11 -45 0
-136 62 -180 -11 45 0
-136 62 -181 -11 -45 0
-136 -62 178 11 45 0
-136 -62 179 11 -45 0
-136 -62 180 -11 45 0
-136 -62 181 -11 -45 0
-136 63 -178 12 46 0
-136 63 -179 12 -46 0
-136 63 -180 -12 46 0
-136 63 -181 -12 -46 0
-136 -63 178 12 46 0
-136 -63 179 12 -46 0
-136 -63 180 -12 46 0
-136 -63 181 -12 -46 0
-136 64 -178 13 47 0
-136 64 -179 13 -47 0
-136 64 -180 -13 47 0
-136 64 -181 -13 -47 0
-136 -64 178 13 47 0
-136 -64 179 13 -47 0
-136 -64 180 -13 47 0
-136 -64 181 -13 -47 0
-136 65 -178 14 48 0
-136 65 -179 14 -48 0
-136 65 -180 -14 48 0
-136 65 -181 -14 -48 0
-136 -65 178 14 48 0
-136 -65 179 14 -48 0
-136 -65 180 -14 48 0
-136 -65 181 -14 -48 0
-136 66 -178 15 49 0
-136 66 -179 15 -49 0
-136 66 -180 -15 49 0
-136 66 -181 -15 -49 0
-136 -66 178 15 49 0
-136 -66 179 15 -49 0
-136 -66 180 -15 49 0
-136 -66 181 -15 -49 0
-136 67 -178 16 50 0
-136 67 -179 16 -50 0
-136 67 -180 -16 50 0
-136 67 -181 -16 -50 0
-136 -67 178 16 50 0
-136 -67 179 16 -50 0
-136 -67 180 -16 50 0
-136 -67 181 -16 -50 0
-136 68 -178 17 51 0
-136 68 -179 17 -51 0
-136 68 -180 -17 51 0
-136 68 -181 -17 -51 0
-136 -68 178 17 51 0
-136 -68 179 17 -51 0
-136 -68 180 -17 51 0
-136 -68 181 -17 -51 0
-137 53 -178 19 36 0
-137 53 -179 19 -36 0
-137 53 -180 -19 36 0
-137 53 -181 -19 -36 0
-137 -53 178 19 36 0
-137 -53 179 19 -36 0
-137 -53 180 -19 36 0
-137 -53 181 -19 -36 0
-137 54 -178 20 37 0
-137 54 -179 20 -37 0
-137 54 -180 -20 37 0
-137 54 -181 -20 -37 0
-137 -54 178 20 37 0
-137 -54 179 20 -37 0
-137 -54 180 -20 37 0
-137 -54 181 -20 -37 0
-137 55 -178 21 38 0
-137 55 -179 21 -38 0
-137 55 -180 -21 38 0
-137 55 -181 -21 -38 0
-137 -55 178 21 38 0
-137 -55 179 21 -38 0
-137 -55 180 -21 38 0
-137 -55 181 -21 -38 0
-137 56 -178 22 39 0
-137 56 -179 22 -39 0
-137 56 -180 -22 39 0
-137 56 -181 -22 -39 0
-137 -56 178 22 39 0
-137 -56 179 22 -39 0
-137 -56 180 -22 39 0
-137 -56 181 -22 -39 0
-137 57 -178 23 40 0
-137 57 -179 23 -40 0
-137 57 -180 -23 40 0
-137 57 -181 -23 -40 0
-137 -57 178 23 40 0
-137 -57 179 23 -40 0
-137 -57 180 -23 40 0
-137 -57 181 -23 -40 0
-137 58 -178 24 41 0
-137 58 -179 24 -41 0
-137 58 -180 -24 41 0
-137 58 -181 -24 -41 0
-137 -58 178 24 41 0
-137 -58 179 24 -41 0
-137 -58 180 -24 41 0
-137 -58 181 -24 -41 0
-137 59 -178 25 42 0
-137 59 -179 25 -42 0
-137 59 -180 -25 42 0
-137 59 -181 -25 -42 0
-137 -59 178 25 42 0
-137 -59 179 25 -42 0
-137 -59 180 -25 42 0
-137 -59 181 -25 -42 0
-137 60 -178 26 43 0
-137 60 -179 26 -43 0
-137 60 -180 -26 43 0
-137 60 -181 -26 -43 0
-137 -60 178 26 43 0
-137 -60 179 26 -43 0
-137 -60 180 -26 43 0
-137 -60 181 -26 -43 0
-137 61 -178 27 44 0
-137 61 -179 27 -44 0
-137 61 -180 -27 44 0
-137 61 -181 -27 -44 0
-137 -61 178 27 44 0
-137 -61 179 27 -44 0
-137 -61 180 -27 44 0
-137 -61 181 -27 -44 0
-137 62 -178 28 45 0
-137 62 -179 28 -45 0
-137 62 -180 -28 45 0
-137 62 -181 -28 -45 0
-137 -62 178 28 45 0
-137 -62 179 28 -45 0
-137 -62 180 -28 45 0
-137 -62 181 -28 -45 0
-137 63 -178 29 46 0
-137 63 -179 29 -46 0
-137 63 -180 -29 46 0
-137 63 -181 -29 -46 0
-137 -63 178 29 46 0
-137 -63 179 29 -46 0
-137 -63 180 -29 46 0
-137 -63 181 -29 -46 0
-137 64 -178 30 47 0
-137 64 -179 30 -47 0
-137 64 -180 -30 47 0
-137 64 -181 -30 -47 0
-137 -64 178 30 47 0
-137 -64 179 30 -47 0
-137 -64 180 -30 47 0
-137 -64 181 -30 -47 0
-137 65 -178 31 48 0
-137 65 -179 31 -48 0
-137 65 -180 -31 48 0
-137 65 -181 -31 -48 0
-137 -65 178 31 48 0
-137 -65 179 31 -48 0
-137 -65 180 -31 48 0
-137 -65 181 -31 -48 0
-137 66 -178 32 49 0
-137 66 -179 32 -49 0
-137 66 -180 -32 49 0
-137 66 -181 -32 -49 0
-137 -66 178 32 49 0
-137 -66 179 32 -49 0
-137 -66 180 -32 49 0
-137 -66 181 -32 -49 0
-137 67 -178 33 50 0
-137 67 -179 33 -50 0
-137 67 -180 -33 50 0
-137 67 -181 -33 -50 0
-137 -67 178 33 50 0
-137 -67 179 33 -50 0
-137 -67 180 -33 50 0
-137 -67 181 -33 -50 0
-137 68 -178 34 51 0
-137 68 -179 34 -51 0
-137 68 -180 -34 51 0
-137 68 -181 -34 -51 0
-137 -68 178 34 51 0
-137 -68 179 34 -51 0
-137 -68 180 -34 51 0
-137 -68 181 -34 -51 0
-138 70 -182 0
-138 -70 182 0
-138 71 -184 0
-138 -71 184 0
-138 72 -183 0
-138 -72 183 0
-138 73 -185 0
-138 -73 185 0
-138 74 -182 0
-138 -74 182 0
-138 75 -184 0
-138 -75 184 0
-138 76 -183 0
-138 -76 183 0
-138 77 -185 0
-138 -77 185 0
-138 78 -182 0
-138 -78 182 0
-138 79 -184 0
-138 -79 184 0
-138 80 -183 0
-138 -80 183 0
-138 81 -185 0
-138 -81 185 0
-138 82 -182 0
-138 -82 182 0
-138 83 -184 0
-138 -83 184 0
-138 84 -183 0
-138 -84 183 0
-138 85 -185 0
-138 -85 185 0
-139 70 -182 0
-139 -70 182 0
-139 71 -184 0
-139 -71 184 0
-139 72 -182 0
-139 -72 182 0
-139 73 -184 0
-139 -73 184 0
-139 74 -183 0
-139 -74 183 0
-139 75 -185 0
-139 -75 185 0
-139 76 -183 0
-139 -76 183 0
-139 77 -185 0
-139 -77 185 0
-139 78 -182 0
-139 -78 182 0
-139 79 -184 0
-139 -79 184 0
-139 80 -182 0
-139 -80 182 0
-139 81 -184 0
-139 -81 184 0
-139 82 -183 0
-139 -82 183 0
-139 83 -185 0
-139 -83 185 0
-139 84 -183 0
-139 -84 183 0
-139 85 -185 0
-139 -85 185 0
-140 70 -182 0
-140 -70 182 0
-140 71 -182 0
-140 -71 182 0
-140 72 -184 0
-140 -72 184 0
-140 73 -184 0
-140 -73 184 0
-140 74 -183 0
-140 -74 183 0
-140 75 -183 0
-140 -75 183 0
-140 76 -185 0
-140 -76 185 0
-140 77 -185 0
-140 -77 185 0
-140 78 -182 0
-140 -78 182 0
-140 79 -182 0
-140 -79 182 0
-140 80 -184 0
-140 -80 184 0
-140 81 -184 0
-140 -81 184 0
-140 82 -183 0
-140 -82 183 0
-140 83 -183 0
-140 -83 183 0
-140 84 -185 0
-140 -84 185 0
-140 85 -185 0
-140 -85 185 0
-141 70 -182 0
-141 -70 182 0
-141 71 -184 0
-141 -71 184 0
-141 72 -182 0
-141 -72 182 0
-141 73 -184 0
-141 -73 184 0
-141 74 -182 0
-141 -74 182 0
-141 75 -184 0
-141 -75 184 0
-141 76 -182 0
-141 -76 182 0
-141 77 -184 0
-141 -77 184 0
-141 78 -183 0
-141 -78 183 0
-141 79 -185 0
-141 -79 185 0
-141 80 -183 0
-141 -80 183 0
-141 81 -185 0
-141 -81 185 0
-141 82 -183 0
-141 -82 183 0
-141 83 -185 0
-141 -83 185 0
-141 84 -183 0
-141 -84 183 0
-141 85 -185 0
-141 -85 185 0
-142 70 -182 0
-142 -70 182 0
-142 71 -182 0
-142 -71 182 0
-142 72 -184 0
-142 -72 184 0
-142 73 -184 0
-142 -73 184 0
-142 74 -182 0
-142 -74 182 0
-142 75 -182 0
-142 -75 182 0
-142 76 -184 0
-142 -76 184 0
-142 77 -184 0
-142 -77 184 0
-142 78 -183 0
-142 -78 183 0
-142 79 -183 0
-142 -79 183 0
-142 80 -185 0
-142 -80 185 0
-142 81 -185 0
-142 -81 185 0
-142 82 -183 0
-142 -82 183 0
-142 83 -183 0
-142 -83 183 0
-142 84 -185 0
-142 -84 185 0
-142 85 -185 0
-142 -85 185 0
-143 70 -182 0
-143 -70 182 0
-143 71 -182 0
-143 -71 182 0
-143 72 -182 0
-143 -72 182 0
-143 73 -182 0
-143 -73 182 0
-143 74 -184 0
-143 -74 184 0
-143 75 -184 0
-143 -75 184 0
-143 76 -184 0
-143 -76 184 0
-143 77 -184 0
-143 -77 184 0
-143 78 -183 0
-143 -78 183 0
-143 79 -183 0
-143 -79 183 0
-143 80 -183 0
-143 -80 183 0
-143 81 -183 0
-143 -81 183 0
-143 82 -185 0
-143 -82 185 0
-143 83 -185 0
-143 -83 185 0
-143 84 -185 0
-143 -84 185 0
-143 85 -185 0
-143 -85 185 0
-144 70 -182 2 0
-144 70 -183 -2 0
-144 -70 182 2 0
-144 -70 183 -2 0
-144 71 -184 3 0
-144 71 -185 -3 0
-144 -71 184 3 0
-144 -71 185 -3 0
-144 72 -182 4 0
-144 72 -183 -4 0
-144 -72 182 4 0
-144 -72 183 -4 0
-144 73 -184 5 0
-144 73 -185 -5 0
-144 -73 184 5 0
-144 -73 185 -5 0
-144 74 -182 6 0
-144 74 -183 -6 0
-144 -74 182 6 0
-144 -74 183 -6 0
-144 75 -184 7 0
-144 75 -185 -7 0
-144 -75 184 7 0
-144 -75 185 -7 0
-144 76 -182 8 0
-144 76 -183 -8 0
-144 -76 182 8 0
-144 -76 183 -8 0
-144 77 -184 9 0
-144 77 -185 -9 0
-144 -77 184 9 0
-144 -77 185 -9 0
-144 78 -182 10 0
-144 78 -183 -10 0
-144 -78 182 10 0
-144 -78 183 -10 0
-144 79 -184 11 0
-144 79 -185 -11 0
-144 -79 184 11 0
-144 -79 185 -11 0
-144 80 -182 12 0
-144 80 -183 -12 0
-144 -80 182 12 0
-144 -80 183 -12 0
-144 81 -184 13 0
-144 81 -185 -13 0
-144 -81 184 13 0
-144 -81 185 -13 0
-144 82 -182 14 0
-144 82 -183 -14 0
-144 -82 182 14 0
-144 -82 183 -14 0
-144 83 -184 15 0
-144 83 -185 -15 0
-144 -83 184 15 0
-144 -83 185 -15 0
-144 84 -182 16 0
-144 84 -183 -16 0
-144 -84 182 16 0
-144 -84 183 -16 0
-144 85 -184 17 0
-144 85 -185 -17 0
-144 -85 184 17 0
-144 -85 185 -17 0
-145 70 -182 2 0
-145 70 -183 -2 0
-145 -70 182 2 0
-145 -70 183 -2 0
-145 71 -182 3 0
-145 71 -183 -3 0
-145 -71 182 3 0
-145 -71 183 -3 0
-145 72 -184 4 0
-145 72 -185 -4 0
-145 -72 184 4 0
-145 -72 185 -4 0
-145 73 -184 5 0
-145 73 -185 -5 0
-145 -73 184 5 0
-145 -73 185 -5 0
-145 74 -182 6 0
-145 74 -183 -6 0
-145 -74 182 6 0
-145 -74 183 -6 0
-145 75 -182 7 0
-145 75 -183 -7 0
-145 -75 182 7 0
-145 -75 183 -7 0
-145 76 -184 8 0
-145 76 -185 -8 0
-145 -76 184 8 0
-145 -76 185 -8 0
-145 77 -184 9 0
-145 77 -185 -9 0
-145 -77 184 9 0
-145 -77 185 -9 0
-145 78 -182 10 0
-145 78 -183 -10 0
-145 -78 182 10 0
-145 -78 183 -10 0
-145 79 -182 11 0
-145 79 -183 -11 0
-145 -79 182 11 0
-145 -79 183 -11 0
-145 80 -184 12 0
-145 80 -185 -12 0
-145 -80 184 12 0
-145 -80 185 -12 0
-145 81 -184 13 0
-145 81 -185 -13 0
-145 -81 184 13 0
-145 -81 185 -13 0
-145 82 -182 14 0
-145 82 -183 -14 0
-145 -82 182 14 0
-145 -82 183 -14 0
-145 83 -182 15 0
-145 83 -183 -15 0
-145 -83 182 15 0
-145 -83 183 -15 0
-145 84 -184 16 0
-145 84 -185 -16 0
-145 -84 184 16 0
-145 -84 185 -16 0
-145 85 -184 17 0
-145 85 -185 -17 0
-145 -85 184 17 0
-145 -85 185 -17 0
-146 70 -182 2 0
-146 70 -183 -2 0
-146 -70 182 2 0
-146 -70 183 -2 0
-146 71 -182 3 0
-146 71 -183 -3 0
-146 -71 182 3 0
-146 -71 183 -3 0
-146 72 -182 4 0
-146 72 -183 -4 0
-146 -72 182 4 0
-146 -72 183 -4 0
-146 73 -182 5 0
-146 73 -183 -5 0
-146 -73 182 5 0
-146 -73 183 -5 0
-146 74 -184 6 0
-146 74 -185 -6 0
-146 -74 184 6 0
-146 -74 185 -6 0
-146 75 -184 7 0
-146 75 -185 -7 0
-146 -75 184 7 0
-146 -75 185 -7 0
-146 76 -184 8 0
-146 76 -185 -8 0
-146 -76 184 8 0
-146 -76 185 -8 0
-146 77 -184 9 0
-146 77 -185 -9 0
-146 -77 184 9 0
-146 -77 185 -9 0
-146 78 -182 10 0
-146 78 -183 -10 0
-146 -78 182 10 0
-146 -78 183 -10 0
-146 79 -182 11 0
-146 79 -183 -11 0
-146 -79 182 11 0
-146 -79 183 -11 0
-146 80 -182 12 0
-146 80 -183 -12 0
-146 -80 182 12 0
-146 -80 183 -12 0
-146 81 -182 13 0
-146 81 -183 -13 0
-146 -81 182 13 0
-146 -81 183 -13 0
-146 82 -184 14 0
-146 82 -185 -14 0
-146 -82 184 14 0
-146 -82 185 -14 0
-146 83 -184 15 0
-146 83 -185 -15 0
-146 -83 184 15 0
-146 -83 185 -15 0
-146 84 -184 16 0
-146 84 -185 -16 0
-146 -84 184 16 0
-146 -84 185 -16 0
-146 85 -184 17 0
-146 85 -185 -17 0
-146 -85 184 17 0
-146 -85 185 -17 0
-147 70 -182 2 0
-147 70 -183 -2 0
-147 -70 182 2 0
-147 -70 183 -2 0
-147 71 -182 3 0
-147 71 -183 -3 0
-147 -71 182 3 0
-147 -71 183 -3 0
-147 72 -182 4 0
-147 72 -183 -4 0
-147 -72 182 4 0
-147 -72 183 -4 0
-147 73 -182 5 0
-147 73 -183 -5 0
-147 -73 182 5 0
-147 -73 183 -5 0
-147 74 -182 6 0
-147 74 -183 -6 0
-147 -74 182 6 0
-147 -74 183 -6 0
-147 75 -182 7 0
-147 75 -183 -7 0
-147 -75 182 7 0
-147 -75 183 -7 0
-147 76 -182 8 0
-147 76 -183 -8 0
-147 -76 182 8 0
-147 -76 183 -8 0
-147 77 -182 9 0
-147 77 -183 -9 0
-147 -77 182 9 0
-147 -77 183 -9 0
-147 78 -184 10 0
-147 78 -185 -10 0
-147 -78 184 10 0
-147 -78 185 -10 0
-147 79 -184 11 0
-147 79 -185 -11 0
-147 -79 184 11 0
-147 -79 185 -11 0
-147 80 -184 12 0
-147 80 -185 -12 0
-147 -80 184 12 0
-147 -80 185 -12 0
-147 81 -184 13 0
-147 81 -185 -13 0
-147 -81 184 13 0
-147 -81 185 -13 0
-147 82 -184 14 0
-147 82 -185 -14 0
-147 -82 184 14 0
-147 -82 185 -14 0
-147 83 -184 15 0
-147 83 -185 -15 0
-147 -83 184 15 0
-147 -83 185 -15 0
-147 84 -184 16 0
-147 84 -185 -16 0
-147 -84 184 16 0
-147 -84 185 -16 0
-147 85 -184 17 0
-147 85 -185 -17 0
-147 -85 184 17 0
-147 -85 185 -17 0
-148 70 -182 19 0
-148 70 -183 -19 0
-148 -70 182 19 0
-148 -70 183 -19 0
-148 71 -184 20 0
-148 71 -185 -20 0
-148 -71 184 20 0
-148 -71 185 -20 0
-148 72 -182 21 0
-148 72 -183 -21 0
-148 -72 182 21 0
-148 -72 183 -21 0
-148 73 -184 22 0
-148 73 -185 -22 0
-148 -73 184 22 0
-148 -73 185 -22 0
-148 74 -182 23 0
-148 74 -183 -23 0
-148 -74 182 23 0
-148 -74 183 -23 0
-148 75 -184 24 0
-148 75 -185 -24 0
-148 -75 184 24 0
-148 -75 185 -24 0
-148 76 -182 25 0
-148 76 -183 -25 0
-148 -76 182 25 0
-148 -76 183 -25 0
-148 77 -184 26 0
-148 77 -185 -26 0
-148 -77 184 26 0
-148 -77 185 -26 0
-148 78 -182 27 0
-148 78 -183 -27 0
-148 -78 182 27 0
-148 -78 183 -27 0
-148 79 -184 28 0
-148 79 -185 -28 0
-148 -79 184 28 0
-148 -79 185 -28 0
-148 80 -182 29 0
-148 80 -183 -29 0
-148 -80 182 29 0
-148 -80 183 -29 0
-148 81 -184 30 0
-148 81 -185 -30 0
-148 -81 184 30 0
-148 -81 185 -30 0
-148 82 -182 31 0
-148 82 -183 -31 0
-148 -82 182 31 0
-148 -82 183 -31 0
-148 83 -184 32 0
-148 83 -185 -32 0
-148 -83 184 32 0
-148 -83 185 -32 0
-148 84 -182 33 0
-148 84 -183 -33 0
-148 -84 182 33 0
-148 -84 183 -33 0
-148 85 -184 34 0
-148 85 -185 -34 0
-148 -85 184 34 0
-148 -85 185 -34 0
-149 70 -182 19 0
-149 70 -183 -19 0
-149 -70 182 19 0
-149 -70 183 -19 0
-149 71 -182 20 0
-149 71 -183 -20 0
-149 -71 182 20 0
-149 -71 183 -20 0
-149 72 -184 21 0
-149 72 -185 -21 0
-149 -72 184 21 0
-149 -72 185 -21 0
-149 73 -184 22 0
-149 73 -185 -22 0
-149 -73 184 22 0
-149 -73 185 -22 0
-149 74 -182 23 0
-149 74 -183 -23 0
-149 -74 182 23 0
-149 -74 183 -23 0
-149 75 -182 24 0
-149 75 -183 -24 0
-149 -75 182 24 0
-149 -75 183 -24 0
-149 76 -184 25 0
-149 76 -185 -25 0
-149 -76 184 25 0
-149 -76 185 -25 0
-149 77 -184 26 0
-149 77 -185 -26 0
-149 -77 184 26 0
-149 -77 185 -26 0
-149 78 -182 27 0
-149 78 -183 -27 0
-149 -78 182 27 0
-149 -78 183 -27 0
-149 79 -182 28 0
-149 79 -183 -28 0
-149 -79 182 28 0
-149 -79 183 -28 0
-149 80 -184 29 0
-149 80 -185 -29 0
-149 -80 184 29 0
-149 -80 185 -29 0
-149 81 -184 30 0
-149 81 -185 -30 0
-149 -81 184 30 0
-149 -81 185 -30 0
-149 82 -182 31 0
-149 82 -183 -31 0
-149 -82 182 31 0
-149 -82 183 -31 0
-149 83 -182 32 0
-149 83 -183 -32 0
-149 -83 182 32 0
-149 -83 183 -32 0
-149 84 -184 33 0
-149 84 -185 -33 0
-149 -84 184 33 0
-149 -84 185 -33 0
-149 85 -184 34 0
-149 85 -185 -34 0
-149 -85 184 34 0
-149 -85 185 -34 0
-150 70 -182 19 0
-150 70 -183 -19 0
-150 -70 182 19 0
-150 -70 183 -19 0
-150 71 -182 20 0
-150 71 -183 -20 0
-150 -71 182 20 0
-150 -71 183 -20 0
-150 72 -182 21 0
-150 72 -183 -21 0
-150 -72 182 21 0
-150 -72 183 -21 0
-150 73 -182 22 0
-150 73 -183 -22 0
-150 -73 182 22 0
-150 -73 183 -22 0
-150 74 -184 23 0
-150 74 -185 -23 0
-150 -74 184 23 0
-150 -74 185 -23 0
-150 75 -184 24 0
-150 75 -185 -24 0
-150 -75 184 24 0
-150 -75 185 -24 0
-150 76 -184 25 0
-150 76 -185 -25 0
-150 -76 184 25 0
-150 -76 185 -25 0
-150 77 -184 26 0
-150 77 -185 -26 0
-150 -77 184 26 0
-150 -77 185 -26 0
-150 78 -182 27 0
-150 78 -183 -27 0
-150 -78 182 27 0
-150 -78 183 -27 0
-150 79 -182 28 0
-150 79 -183 -28 0
-150 -79 182 28 0
-150 -79 183 -28 0
-150 80 -182 29 0
-150 80 -183 -29 0
-150 -80 182 29 0
-150 -80 183 -29 0
-150 81 -182 30 0
-150 81 -183 -30 0
-150 -81 182 30 0
-150 -81 183 -30 0
-150 82 -184 31 0
-150 82 -185 -31 0
-150 -82 184 31 0
-150 -82 185 -31 0
-150 83 -184 32 0
-150 83 -185 -32 0
-150 -83 184 32 0
-150 -83 185 -32 0
-150 84 -184 33 0
-150 84 -185 -33 0
-150 -84 184 33 0
-150 -84 185 -33 0
-150 85 -184 34 0
-150 85 -185 -34 0
-150 -85 184 34 0
-150 -85 185 -34 0
-151 70 -182 19 0
-151 70 -183 -19 0
-151 -70 182 19 0
-151 -70 183 -19 0
-151 71 -182 20 0
-151 71 -183 -20 0
-151 -71 182 20 0
-151 -71 183 -20 0
-151 72 -182 21 0
-151 72 -183 -21 0
-151 -72 182 21 0
-151 -72 183 -21 0
-151 73 -182 22 0
-151 73 -183 -22 0
-151 -73 182 22 0
-151 -73 183 -22 0
-151 74 -182 23 0
-151 74 -183 -23 0
-151 -74 182 23 0
-151 -74 183 -23 0
-151 75 -182 24 0
-151 75 -183 -24 0
-151 -75 182 24 0
-151 -75 183 -24 0
-151 76 -182 25 0
-151 76 -183 -25 0
-151 -76 182 25 0
-151 -76 183 -25 0
-151 77 -182 26 0
-151 77 -183 -26 0
-151 -77 182 26 0
-151 -77 183 -26 0
-151 78 -184 27 0
-151 78 -185 -27 0
-151 -78 184 27 0
-151 -78 185 -27 0
-151 79 -184 28 0
-151 79 -185 -28 0
-151 -79 184 28 0
-151 -79 185 -28 0
-151 80 -184 29 0
-151 80 -185 -29 0
-151 -80 184 29 0
-151 -80 185 -29 0
-151 81 -184 30 0
-151 81 -185 -30 0
-151 -81 184 30 0
-151 -81 185 -30 0
-151 82 -184 31 0
-151 82 -185 -31 0
-151 -82 184 31 0
-151 -82 185 -31 0
-151 83 -184 32 0
-151 83 -185 -32 0
-151 -83 184 32 0
-151 -83 185 -32 0
-151 84 -184 33 0
-151 84 -185 -33 0
-151 -84 184 33 0
-151 -84 185 -33 0
-151 85 -184 34 0
-151 85 -185 -34 0
-151 -85 184 34 0
-151 -85 185 -34 0
-152 70 -182 2 19 0
-152 70 -183 2 -19 0
-152 70 -184 -2 19 0
-152 70 -185 -2 -19 0
-152 -70 182 2 19 0
-152 -70 183 2 -19 0
-152 -70 184 -2 19 0
-152 -70 185 -2 -19 0
-152 71 -182 3 20 0
-152 71 -183 3 -20 0
-152 71 -184 -3 20 0
-152 71 -185 -3 -20 0
-152 -71 182 3 20 0
-152 -71 183 3 -20 0
-152 -71 184 -3 20 0
-152 -71 185 -3 -20 0
-152 72 -182 4 21 0
-152 72 -183 4 -21 0
-152 72 -184 -4 21 0
-152 72 -185 -4 -21 0
-152 -72 182 4 21 0
-152 -72 183 4 -21 0
-152 -72 184 -4 21 0
-152 -72 185 -4 -21 0
-152 73 -182 5 22 0
-152 73 -183 5 -22 0
-152 73 -184 -5 22 0
-152 73 -185 -5 -22 0
-152 -73 182 5 22 0
-152 -73 183 5 -22 0
-152 -73 184 -5 22 0
-152 -73 185 -5 -22 0
-152 74 -182 6 23 0
-152 74 -183 6 -23 0
-152 74 -184 -6 23 0
-152 74 -185 -6 -23 0
-152 -74 182 6 23 0
-152 -74 183 6 -23 0
-152 -74 184 -6 23 0
-152 -74 185 -6 -23 0
-152 75 -182 7 24 0
-152 75 -183 7 -24 0
-152 75 -184 -7 24 0
-152 75 -185 -7 -24 0
-152 -75 182 7 24 0
-152 -75 183 7 -24 0
-152 -75 184 -7 24 0
-152 -75 185 -7 -24 0
-152 76 -182 8 25 0
-152 76 -183 8 -25 0
-152 76 -184 -8 25 0
-152 76 -185 -8 -25 0
-152 -76 182 8 25 0
-152 -76 183 8 -25 0
-152 -76 184 -8 25 0
-152 -76 185 -8 -25 0
-152 77 -182 9 26 0
-152 77 -183 9 -26 0
-152 77 -184 -9 26 0
-152 77 -185 -9 -26 0
-152 -77 182 9 26 0
-152 -77 183 9 -26 0
-152 -77 184 -9 26 0
-152 -77 185 -9 -26 0
-152 78 -182 10 27 0
-152 78 -183 10 -27 0
-152 78 -184 -10 27 0
-152 78 -185 -10 -27 0
-152 -78 182 10 27 0
-152 -78 183 10 -27 0
-152 -78 184 -10 27 0
-152 -78 185 -10 -27 0
-152 79 -182 11 28 0
-152 79 -183 11 -28 0
-152 79 -184 -11 28 0
-152 79 -185 -11 -28 0
-152 -79 182 11 28 0
-152 -79 183 11 -28 0
-152 -79 184 -11 28 0
-152 -79 185 -11 -28 0
-152 80 -182 12 29 0
-152 80 -183 12 -29 0
-152 80 -184 -12 29 0
-152 80 -185 -12 -29 0
-152 -80 182 12 29 0
-152 -80 183 12 -29 0
-152 -80 184 -12 29 0
-152 -80 185 -12 -29 0
-152 81 -182 13 30 0
-152 81 -183 13 -30 0
-152 81 -184 -13 30 0
-152 81 -185 -13 -30 0
-152 -81 182 13 30 0
-152 -81 183 13 -30 0
-152 -81 184 -13 30 0
-152 -81 185 -13 -30 0
-152 82 -182 14 31 0
-152 82 -183 14 -31 0
-152 82 -184 -14 31 0
-152 82 -185 -14 -31 0
-152 -82 182 14 31 0
-152 -82 183 14 -31 0
-152 -82 184 -14 31 0
-152 -82 185 -14 -31 0
-152 83 -182 15 32 0
-152 83 -183 15 -32 0
-152 83 -184 -15 32 0
-152 83 -185 -15 -32 0
-152 -83 182 15 32 0
-152 -83 183 15 -32 0
-152 -83 184 -15 32 0
-152 -83 185 -15 -32 0
-152 84 -182 16 33 0
-152 84 -183 16 -33 0
-152 84 -184 -16 33 0
-152 84 -185 -16 -33 0
-152 -84 182 16 33 0
-152 -84 183 16 -33 0
-152 -84 184 -16 33 0
-152 -84 185 -16 -33 0
-152 85 -182 17 34 0
-152 85 -183 17 -34 0
-152 85 -184 -17 34 0
-152 85 -185 -17 -34 0
-152 -85 182 17 34 0
-152 -85 183 17 -34 0
-152 -85 184 -17 34 0
-152 -85 185 -17 -34 0
-153 70 -182 36 0
-153 70 -183 -36 0
-153 -70 182 36 0
-153 -70 183 -36 0
-153 71 -184 37 0
-153 71 -185 -37 0
-153 -71 184 37 0
-153 -71 185 -37 0
-153 72 -182 38 0
-153 72 -183 -38 0
-153 -72 182 38 0
-153 -72 183 -38 0
-153 73 -184 39 0
-153 73 -185 -39 0
-153 -73 184 39 0
-153 -73 185 -39 0
-153 74 -182 40 0
-153 74 -183 -40 0
-153 -74 182 40 0
-153 -74 183 -40 0
-153 75 -184 41 0
-153 75 -185 -41 0
-153 -75 184 41 0
-153 -75 185 -41 0
-153 76 -182 42 0
-153 76 -183 -42 0
-153 -76 182 42 0
-153 -76 183 -42 0
-153 77 -184 43 0
-153 77 -185 -43 0
-153 -77 184 43 0
-153 -77 185 -43 0
-153 78 -182 44 0
-153 78 -183 -44 0
-153 -78 182 44 0
-153 -78 183 -44 0
-153 79 -184 45 0
-153 79 -185 -45 0
-153 -79 184 45 0
-153 -79 185 -45 0
-153 80 -182 46 0
-153 80 -183 -46 0
-153 -80 182 46 0
-153 -80 183 -46 0
-153 81 -184 47 0
-153 81 -185 -47 0
-153 -81 184 47 0
-153 -81 185 -47 0
-153 82 -182 48 0
-153 82 -183 -48 0
-153 -82 182 48 0
-153 -82 183 -48 0
-153 83 -184 49 0
-153 83 -185 -49 0
-153 -83 184 49 0
-153 -83 185 -49 0
-153 84 -182 50 0
-153 84 -183 -50 0
-153 -84 182 50 0
-153 -84 183 -50 0
-153 85 -184 51 0
-153 85 -185 -51 0
-153 -85 184 51 0
-153 -85 185 -51 0
-154 70 -182 36 0
-154 70 -183 -36 0
-154 -70 182 36 0
-154 -70 183 -36 0
-154 71 -182 37 0
-154 71 -183 -37 0
-154 -71 182 37 0
-154 -71 183 -37 0
-154 72 -184 38 0
-154 72 -185 -38 0
-154 -72 184 38 0
-154 -72 185 -38 0
-154 73 -184 39 0
-154 73 -185 -39 0
-154 -73 184 39 0
-154 -73 185 -39 0
-154 74 -182 40 0
-154 74 -183 -40 0
-154 -74 182 40 0
-154 -74 183 -40 0
-154 75 -182 41 0
-154 75 -183 -41 0
-154 -75 182 41 0
-154 -75 183 -41 0
-154 76 -184 42 0
-154 76 -185 -42 0
-154 -76 184 42 0
-154 -76 185 -42 0
-154 77 -184 43 0
-154 77 -185 -43 0
-154 -77 184 43 0
-154 -77 185 -43 0
-154 78 -182 44 0
-154 78 -183 -44 0
-154 -78 182 44 0
-154 -78 183 -44 0
-154 79 -182 45 0
-154 79 -183 -45 0
-154 -79 182 45 0
-154 -79 183 -45 0
-154 80 -184 46 0
-154 80 -185 -46 0
-154 -80 184 46 0
-154 -80 185 -46 0
-154 81 -184 47 0
-154 81 -185 -47 0
-154 -81 184 47 0
-154 -81 185 -47 0
-154 82 -182 48 0
-154 82 -183 -48 0
-154 -82 182 48 0
-154 -82 183 -48 0
-154 83 -182 49 0
-154 83 -183 -49 0
-154 -83 182 49 0
-154 -83 183 -49 0
-154 84 -184 50 0
-154 84 -185 -50 0
-154 -84 184 50 0
-154 -84 185 -50 0
-154 85 -184 51 0
-154 85 -185 -51 0
-154 -85 184 51 0
-154 -85 185 -51 0
-155 70 -182 36 0
-155 70 -183 -36 0
-155 -70 182 36 0
-155 -70 183 -36 0
-155 71 -182 37 0
-155 71 -183 -37 0
-155 -71 182 37 0
-155 -71 183 -37 0
-155 72 -182 38 0
-155 72 -183 -38 0
-155 -72 182 38 0
-155 -72 183 -38 0
-155 73 -182 39 0
-155 73 -183 -39 0
-155 -73 182 39 0
-155 -73 183 -39 0
-155 74 -184 40 0
-155 74 -185 -40 0
-155 -74 184 40 0
-155 -74 185 -40 0
-155 75 -184 41 0
-155 75 -185 -41 0
-155 -75 184 41 0
-155 -75 185 -41 0
-155 76 -184 42 0
-155 76 -185 -42 0
-155 -76 184 42 0
-155 -76 185 -42 0
-155 77 -184 43 0
-155 77 -185 -43 0
-155 -77 184 43 0
-155 -77 185 -43 0
-155 78 -182 44 0
-155 78 -183 -44 0
-155 -78 182 44 0
-155 -78 183 -44 0
-155 79 -182 45 0
-155 79 -183 -45 0
-155 -79 182 45 0
-155 -79 183 -45 0
-155 80 -182 46 0
-155 80 -183 -46 0
-155 -80 182 46 0
-155 -80 183 -46 0
-155 81 -182 47 0
-155 81 -183 -47 0
-155 -81 182 47 0
-155 -81 183 -47 0
-155 82 -184 48 0
-155 82 -185 -48 0
-155 -82 184 48 0
-155 -82 185 -48 0
-155 83 -184 49 0
-155 83 -185 -49 0
-155 -83 184 49 0
-155 -83 185 -49 0
-155 84 -184 50 0
-155 84 -185 -50 0
-155 -84 184 50 0
-155 -84 185 -50 0
-155 85 -184 51 0
-155 85 -185 -51 0
-155 -85 184 51 0
-155 -85 185 -51 0
-156 70 -182 36 0
-156 70 -183 -36 0
-156 -70 182 36 0
-156 -70 183 -36 0
-156 71 -182 37 0
-156 71 -183 -37 0
-156 -71 182 37 0
-156 -71 183 -37 0
-156 72 -182 38 0
-156 72 -183 -38 0
-156 -72 182 38 0
-156 -72 183 -38 0
-156 73 -182 39 0
-156 73 -183 -39 0
-156 -73 182 39 0
-156 -73 183 -39 0
-156 74 -182 40 0
-156 74 -183 -40 0
-156 -74 182 40 0
-156 -74 183 -40 0
-156 75 -182 41 0
-156 75 -183 -41 0
-156 -75 182 41 0
-156 -75 183 -41 0
-156 76 -182 42 0
-156 76 -183 -42 0
-156 -76 182 42 0
-156 -76 183 -42 0
-156 77 -182 43 0
-156 77 -183 -43 0
-156 -77 182 43 0
-156 -77 183 -43 0
-156 78 -184 44 0
-156 78 -185 -44 0
-156 -78 184 44 0
-156 -78 185 -44 0
-156 79 -184 45 0
-156 79 -185 -45 0
-156 -79 184 45 0
-156 -79 185 -45 0
-156 80 -184 46 0
-156 80 -185 -46 0
-156 -80 184 46 0
-156 -80 185 -46 0
-156 81 -184 47 0
-156 81 -185 -47 0
-156 -81 184 47 0
-156 -81 185 -47 0
-156 82 -184 48 0
-156 82 -185 -48 0
-156 -82 184 48 0
-156 -82 185 -48 0
-156 83 -184 49 0
-156 83 -185 -49 0
-156 -83 184 49 0
-156 -83 185 -49 0
-156 84 -184 50 0
-156 84 -185 -50 0
-156 -84 184 50 0
-156 -84 185 -50 0
-156 85 -184 51 0
-156 85 -185 -51 0
-156 -85 184 51 0
-156 -85 185 -51 0
-157 70 -182 2 36 0
-157 70 -183 2 -36 0
-157 70 -184 -2 36 0
-157 70 -185 -2 -36 0
-157 -70 182 2 36 0
-157 -70 183 2 -36 0
-157 -70 184 -2 36 0
-157 -70 185 -2 -36 0
-157 71 -182 3 37 0
-157 71 -183 3 -37 0
-157 71 -184 -3 37 0
-157 71 -185 -3 -37 0
-157 -71 182 3 37 0
-157 -71 183 3 -37 0
-157 -71 184 -3 37 0
-157 -71 185 -3 -37 0
-157 72 -182 4 38 0
-157 72 -183 4 -38 0
-157 72 -184 -4 38 0
-157 72 -185 -4 -38 0
-157 -72 182 4 38 0
-157 -72 183 4 -38 0
-157 -72 184 -4 38 0
-157 -72 185 -4 -38 0
-157 73 -182 5 39 0
-157 73 -183 5 -39 0
-157 73 -184 -5 39 0
-157 73 -185 -5 -39 0
-157 -73 182 5 39 0
-157 -73 183 5 -39 0
-157 -73 184 -5 39 0
-157 -73 185 -5 -39 0
-157 74 -182 6 40 0
-157 74 -183 6 -40 0
-157 74 -184 -6 40 0
-157 74 -185 -6 -40 0
-157 -74 182 6 40 0
-157 -74 183 6 -40 0
-157 -74 184 -6 40 0
-157 -74 185 -6 -40 0
-157 75 -182 7 41 0
-157 75 -183 7 -41 0
-157 75 -184 -7 41 0
-157 75 -185 -7 -41 0
-157 -75 182 7 41 0
-157 -75 183 7 -41 0
-157 -75 184 -7 41 0
-157 -75 185 -7 -41 0
-157 76 -182 8 42 0
-157 76 -183 8 -42 0
-157 76 -184 -8 42 0
-157 76 -185 -8 -42 0
-157 -76 182 8 42 0
-157 -76 183 8 -42 0
-157 -76 184 -8 42 0
-157 -76 185 -8 -42 0
-157 77 -182 9 43 0
-157 77 -183 9 -43 0
-157 77 -184 -9 43 0
-157 77 -185 -9 -43 0
-157 -77 182 9 43 0
-157 -77 183 9 -43 0
-157 -77 184 -9 43 0
-157 -77 185 -9 -43 0
-157 78 -182 10 44 0
-157 78 -183 10 -44 0
-157 78 -184 -10 44 0
-157 78 -185 -10 -44 0
-157 -78 182 10 44 0
-157 -78 183 10 -44 0
-157 -78 184 -10 44 0
-157 -78 185 -10 -44 0
-157 79 -182 11 45 0
-157 79 -183 11 -45 0
-157 79 -184 -11 45 0
-157 79 -185 -11 -45 0
-157 -79 182 11 45 0
-157 -79 183 11 -45 0
-157 -79 184 -11 45 0
-157 -79 185 -11 -45 0
-157 80 -182 12 46 0
-157 80 -183 12 -46 0
-157 80 -184 -12 46 0
-157 80 -185 -12 -46 0
-157 -80 182 12 46 0
-157 -80 183 12 -46 0
-157 -80 184 -12 46 0
-157 -80 185 -12 -46 0
-157 81 -182 13 47 0
-157 81 -183 13 -47 0
-157 81 -184 -13 47 0
-157 81 -185 -13 -47 0
-157 -81 182 13 47 0
-157 -81 183 13 -47 0
-157 -81 184 -13 47 0
-157 -81 185 -13 -47 0
-157 82 -182 14 48 0
-157 82 -183 14 -48 0
-157 82 -184 -14 48 0
-157 82 -185 -14 -48 0
-157 -82 182 14 48 0
-157 -82 183 14 -48 0
-157 -82 184 -14 48 0
-157 -82 185 -14 -48 0
-157 83 -182 15 49 0
-157 83 -183 15 -49 0
-157 83 -184 -15 49 0
-157 83 -185 -15 -49 0
-157 -83 182 15 49 0
-157 -83 183 15 -49 0
-157 -83 184 -15 49 0
-157 -83 185 -15 -49 0
-157 84 -182 16 50 0
-157 84 -183 16 -50 0
-157 84 -184 -16 50 0
-157 84 -185 -16 -50 0
-157 -84 182 16 50 0
-157 -84 183 16 -50 0
-157 -84 184 -16 50 0
-157 -84 185 -16 -50 0
-157 85 -182 17 51 0
-157 85 -183 17 -51 0
-157 85 -184 -17 51 0
-157 85 -185 -17 -51 0
-157 -85 182 17 51 0
-157 -85 183 17 -51 0
-157 -85 184 -17 51 0
-157 -85 185 -17 -51 0
-158 70 -182 19 36 0
-158 70 -183 19 -36 0
-158 70 -184 -19 36 0
-158 70 -185 -19 -36 0
-158 -70 182 19 36 0
-158 -70 183 19 -36 0
-158 -70 184 -19 36 0
-158 -70 185 -19 -36 0
-158 71 -182 20 37 0
-158 71 -183 20 -37 0
-158 71 -184 -20 37 0
-158 71 -185 -20 -37 0
-158 -71 182 20 37 0
-158 -71 183 20 -37 0
-158 -71 184 -20 37 0
-158 -71 185 -20 -37 0
-158 72 -182 21 38 0
-158 72 -183 21 -38 0
-158 72 -184 -21 38 0
-158 72 -185 -21 -38 0
-158 -72 182 21 38 0
-158 -72 183 21 -38 0
-158 -72 184 -21 38 0
-158 -72 185 -21 -38 0
-158 73 -182 22 39 0
-158 73 -183 22 -39 0
-158 73 -184 -22 39 0
-158 73 -185 -22 -39 0
-158 -73 182 22 39 0
-158 -73 183 22 -39 0
-158 -73 184 -22 39 0
-158 -73 185 -22 -39 0
-158 74 -182 23 40 0
-158 74 -183 23 -40 0
-158 74 -184 -23 40 0
-158 74 -185 -23 -40 0
-158 -74 182 23 40 0
-158 -74 183 23 -40 0
-158 -74 184 -23 40 0
-158 -74 185 -23 -40 0
-158 75 -182 24 41 0
-158 75 -183 24 -41 0
-158 75 -184 -24 41 0
-158 75 -185 -24 -41 0
-158 -75 182 24 41 0
-158 -75 183 24 -41 0
-158 -75 184 -24 41 0
-158 -75 185 -24 -41 0
-158 76 -182 25 42 0
-158 76 -183 25 -42 0
-158 76 -184 -25 42 0
-158 76 -185 -25 -42 0
-158 -76 182 25 42 0
-158 -76 183 25 -42 0
-158 -76 184 -25 42 0
-158 -76 185 -25 -42 0
-158 77 -182 26 43 0
-158 77 -183 26 -43 0
-158 77 -184 -26 43 0
-158 77 -185 -26 -43 0
-158 -77 182 26 43 0
-158 -77 183 26 -43 0
-158 -77 184 -26 43 0
-158 -77 185 -26 -43 0
-158 78 -182 27 44 0
-158 78 -183 27 -44 0
-158 78 -184 -27 44 0
-158 78 -185 -27 -44 0
-158 -78 182 27 44 0
-158 -78 183 27 -44 0
-158 -78 184 -27 44 0
-158 -78 185 -27 -44 0
-158 79 -182 28 45 0
-158 79 -183 28 -45 0
-158 79 -184 -28 45 0
-158 79 -185 -28 -45 0
-158 -79 182 28 45 0
-158 -79 183 28 -45 0
-158 -79 184 -28 45 0
-158 -79 185 -28 -45 0
-158 80 -182 29 46 0
-158 80 -183 29 -46 0
-158 80 -184 -29 46 0
-158 80 -185 -29 -46 0
-158 -80 182 29 46 0
-158 -80 183 29 -46 0
-158 -80 184 -29 46 0
-158 -80 185 -29 -46 0
-158 81 -182 30 47 0
-158 81 -183 30 -47 0
-158 81 -184 -30 47 0
-158 81 -185 -30 -47 0
-158 -81 182 30 47 0
-158 -81 183 30 -47 0
-158 -81 184 -30 47 0
-158 -81 185 -30 -47 0
-158 82 -182 31 48 0
-158 82 -183 31 -48 0
-158 82 -184 -31 48 0
-158 82 -185 -31 -48 0
-158 -82 182 31 48 0
-158 -82 183 31 -48 0
-158 -82 184 -31 48 0
-158 -82 185 -31 -48 0
-158 83 -182 32 49 0
-158 83 -183 32 -49 0
-158 83 -184 -32 49 0
-158 83 -185 -32 -49 0
-158 -83 182 32 49 0
-158 -83 183 32 -49 0
-158 -83 184 -32 49 0
-158 -83 185 -32 -49 0
-158 84 -182 33 50 0
-158 84 -183 33 -50 0
-158 84 -184 -33 50 0
-158 84 -185 -33 -50 0
-158 -84 182 33 50 0
-158 -84 183 33 -50 0
-158 -84 184 -33 50 0
-158 -84 185 -33 -50 0
-158 85 -182 34 51 0
-158 85 -183 34 -51 0
-158 85 -184 -34 51 0
-158 85 -185 -34 -51 0
-158 -85 182 34 51 0
-158 -85 183 34 -51 0
-158 -85 184 -34 51 0
-158 -85 185 -34 -51 0
-159 70 -182 53 0
-159 70 -183 -53 0
-159 -70 182 53 0
-159 -70 183 -53 0
-159 71 -184 54 0
-159 71 -185 -54 0
-159 -71 184 54 0
-159 -71 185 -54 0
-159 72 -182 55 0
-159 72 -183 -55 0
-159 -72 182 55 0
-159 -72 183 -55 0
-159 73 -184 56 0
-159 73 -185 -56 0
-159 -73 184 56 0
-159 -73 185 -56 0
-159 74 -182 57 0
-159 74 -183 -57 0
-159 -74 182 57 0
-159 -74 183 -57 0
-159 75 -184 58 0
-159 75 -185 -58 0
-159 -75 184 58 0
-159 -75 185 -58 0
-159 76 -182 59 0
-159 76 -183 -59 0
-159 -76 182 59 0
-159 -76 183 -59 0
-159 77 -184 60 0
-159 77 -185 -60 0
-159 -77 184 60 0
-159 -77 185 -60 0
-159 78 -182 61 0
-159 78 -183 -61 0
-159 -78 182 61 0
-159 -78 183 -61 0
-159 79 -184 62 0
-159 79 -185 -62 0
-159 -79 184 62 0
-159 -79 185 -62 0
-159 80 -182 63 0
-159 80 -183 -63 0
-159 -80 182 63 0
-159 -80 183 -63 0
-159 81 -184 64 0
-159 81 -185 -64 0
-159 -81 184 64 0
-159 -81 185 -64 0
-159 82 -182 65 0
-159 82 -183 -65 0
-159 -82 182 65 0
-159 -82 183 -65 0
-159 83 -184 66 0
-159 83 -185 -66 0
-159 -83 184 66 0
-159 -83 185 -66 0
-159 84 -182 67 0
-159 84 -183 -67 0
-159 -84 182 67 0
-159 -84 183 -67 0
-159 85 -184 68 0
-159 85 -185 -68 0
-159 -85 184 68 0
-159 -85 185 -68 0
-160 70 -182 53 0
-160 70 -183 -53 0
-160 -70 182 53 0
-160 -70 183 -53 0
-160 71 -182 54 0
-160 71 -183 -54 0
-160 -71 182 54 0
-160 -71 183 -54 0
-160 72 -184 55 0
-160 72 -185 -55 0
-160 -72 184 55 0
-160 -72 185 -55 0
-160 73 -184 56 0
-160 73 -185 -56 0
-160 -73 184 56 0
-160 -73 185 -56 0
-160 74 -182 57 0
-160 74 -183 -57 0
-160 -74 182 57 0
-160 -74 183 -57 0
-160 75 -182 58 0
-160 75 -183 -58 0
-160 -75 182 58 0
-160 -75 183 -58 0
-160 76 -184 59 0
-160 76 -185 -59 0
-160 -76 184 59 0
-160 -76 185 -59 0
-160 77 -184 60 0
-160 77 -185 -60 0
-160 -77 184 60 0
-160 -77 185 -60 0
-160 78 -182 61 0
-160 78 -183 -61 0
-160 -78 182 61 0
-160 -78 183 -61 0
-160 79 -182 62 0
-160 79 -183 -62 0
-160 -79 182 62 0
-160 -79 183 -62 0
-160 80 -184 63 0
-160 80 -185 -63 0
-160 -80 184 63 0
-160 -80 185 -63 0
-160 81 -184 64 0
-160 81 -185 -64 0
-160 -81 184 64 0
-160 -81 185 -64 0
-160 82 -182 65 0
-160 82 -183 -65 0
-160 -82 182 65 0
-160 -82 183 -65 0
-160 83 -182 66 0
-160 83 -183 -66 0
-160 -83 182 66 0
-160 -83 183 -66 0
-160 84 -184 67 0
-160 84 -185 -67 0
-160 -84 184 67 0
-160 -84 185 -67 0
-160 85 -184 68 0
-160 85 -185 -68 0
-160 -85 184 68 0
-160 -85 185 -68 0
-161 70 -182 53 0
-161 70 -183 -53 0
-161 -70 182 53 0
-161 -70 183 -53 0
-161 71 -182 54 0
-161 71 -183 -54 0
-161 -71 182 54 0
-161 -71 183 -54 0
-161 72 -182 55 0
-161 72 -183 -55 0
-161 -72 182 55 0
-161 -72 183 -55 0
-161 73 -182 56 0
-161 73 -183 -56 0
-161 -73 182 56 0
-161 -73 183 -56 0
-161 74 -184 57 0
-161 74 -185 -57 0
-161 -74 184 57 0
-161 -74 185 -57 0
-161 75 -184 58 0
-161 75 -185 -58 0
-161 -75 184 58 0
-161 -75 185 -58 0
-161 76 -184 59 0
-161 76 -185 -59 0
-161 -76 184 59 0
-161 -76 185 -59 0
-161 77 -184 60 0
-161 77 -185 -60 0
-161 -77 184 60 0
-161 -77 185 -60 0
-161 78 -182 61 0
-161 78 -183 -61 0
-161 -78 182 61 0
-161 -78 183 -61 0
-161 79 -182 62 0
-161 79 -183 -62 0
-161 -79 182 62 0
-161 -79 183 -62 0
-161 80 -182 63 0
-161 80 -183 -63 0
-161 -80 182 63 0
-161 -80 183 -63 0
-161 81 -182 64 0
-161 81 -183 -64 0
-161 -81 182 64 0
-161 -81 183 -64 0
-161 82 -184 65 0
-161 82 -185 -65 0
-161 -82 184 65 0
-161 -82 185 -65 0
-161 83 -184 66 0
-161 83 -185 -66 0
-161 -83 184 66 0
-161 -83 185 -66 0
-161 84 -184 67 0
-161 84 -185 -67 0
-161 -84 184 67 0
-161 -84 185 -67 0
-161 85 -184 68 0
-161 85 -185 -68 0
-161 -85 184 68 0
-161 -85 185 -68 0
-162 70 -182 53 0
-162 70 -183 -53 0
-162 -70 182 53 0
-162 -70 183 -53 0
-162 71 -182 54 0
-162 71 -183 -54 0
-162 -71 182 54 0
-162 -71 183 -54 0
-162 72 -182 55 0
-162 72 -183 -55 0
-162 -72 182 55 0
-162 -72 183 -55 0
-162 73 -182 56 0
-162 73 -183 -56 0
-162 -73 182 56 0
-162 -73 183 -56 0
-162 74 -182 57 0
-162 74 -183 -57 0
-162 -74 182 57 0
-162 -74 183 -57 0
-162 75 -182 58 0
-162 75 -183 -58 0
-162 -75 182 58 0
-162 -75 183 -58 0
-162 76 -182 59 0
-162 76 -183 -59 0
-162 -76 182 59 0
-162 -76 183 -59 0
-162 77 -182 60 0
-162 77 -183 -60 0
-162 -77 182 60 0
-162 -77 183 -60 0
-162 78 -184 61 0
-162 78 -185 -61 0
-162 -78 184 61 0
-162 -78 185 -61 0
-162 79 -184 62 0
-162 79 -185 -62 0
-162 -79 184 62 0
-162 -79 185 -62 0
-162 80 -184 63 0
-162 80 -185 -63 0
-162 -80 184 63 0
-162 -80 185 -63 0
-162 81 -184 64 0
-162 81 -185 -64 0
-162 -81 184 64 0
-162 -81 185 -64 0
-162 82 -184 65 0
-162 82 -185 -65 0
-162 -82 184 65 0
-162 -82 185 -65 0
-162 83 -184 66 0
-162 83 -185 -66 0
-162 -83 184 66 0
-162 -83 185 -66 0
-162 84 -184 67 0
-162 84 -185 -67 0
-162 -84 184 67 0
-162 -84 185 -67 0
-162 85 -184 68 0
-162 85 -185 -68 0
-162 -85 184 68 0
-162 -85 185 -68 0
-163 70 -182 2 53 0
-163 70 -183 2 -53 0
-163 70 -184 -2 53 0
-163 70 -185 -2 -53 0
-163 -70 182 2 53 0
-163 -70 183 2 -53 0
-163 -70 184 -2 53 0
-163 -70 185 -2 -53 0
-163 71 -182 3 54 0
-163 71 -183 3 -54 0
-163 71 -184 -3 54 0
-163 71 -185 -3 -54 0
-163 -71 182 3 54 0
-163 -71 183 3 -54 0
-163 -71 184 -3 54 0
-163 -71 185 -3 -54 0
-163 72 -182 4 55 0
-163 72 -183 4 -55 0
-163 72 -184 -4 55 0
-163 72 -185 -4 -55 0
-163 -72 182 4 55 0
-163 -72 183 4 -55 0
-163 -72 184 -4 55 0
-163 -72 185 -4 -55 0
-163 73 -182 5 56 0
-163 73 -183 5 -56 0
-163 73 -184 -5 56 0
-163 73 -185 -5 -56 0
-163 -73 182 5 56 0
-163 -73 183 5 -56 0
-163 -73 184 -5 56 0
-163 -73 185 -5 -56 0
-163 74 -182 6 57 0
-163 74 -183 6 -57 0
-163 74 -184 -6 57 0
-163 74 -185 -6 -57 0
-163 -74 182 6 57 0
-163 -74 183 6 -57 0
-163 -74 184 -6 57 0
-163 -74 185 -6 -57 0
-163 75 -182 7 58 0
-163 75 -183 7 -58 0
-163 75 -184 -7 58 0
-163 75 -185 -7 -58 0
-163 -75 182 7 58 0
-163 -75 183 7 -58 0
-163 -75 184 -7 58 0
-163 -75 185 -7 -58 0
-163 76 -182 8 59 0
-163 76 -183 8 -59 0
-163 76 -184 -8 59 0
-163 76 -185 -8 -59 0
-163 -76 182 8 59 0
-163 -76 183 8 -59 0
-163 -76 184 -8 59 0
-163 -76 185 -8 -59 0
-163 77 -182 9 60 0
-163 77 -183 9 -60 0
-163 77 -184 -9 60 0
-163 77 -185 -9 -60 0
-163 -77 182 9 60 0
-163 -77 183 9 -60 0
-163 -77 184 -9 60 0
-163 -77 185 -9 -60 0
-163 78 -182 10 61 0
-163 78 -183 10 -61 0
-163 78 -184 -10 61 0
-163 78 -185 -10 -61 0
-163 -78 182 10 61 0
-163 -78 183 10 -61 0
-163 -78 184 -10 61 0
-163 -78 185 -10 -61 0
-163 79 -182 11 62 0
-163 79 -183 11 -62 0
-163 79 -184 -11 62 0
-163 79 -185 -11 -62 0
-163 -79 182 11 62 0
-163 -79 183 11 -62 0
-163 -79 184 -11 62 0
-163 -79 185 -11 -62 0
-163 80 -182 12 63 0
-163 80 -183 12 -63 0
-163 80 -184 -12 63 0
-163 80 -185 -12 -63 0
-163 -80 182 12 63 0
-163 -80 183 12 -63 0
-163 -80 184 -12 63 0
-163 -80 185 -12 -63 0
-163 81 -182 13 64 0
-163 81 -183 13 -64 0
-163 81 -184 -13 64 0
-163 81 -185 -13 -64 0
-163 -81 182 13 64 0
-163 -81 183 13 -64 0
-163 -81 184 -13 64 0
-163 -81 185 -13 -64 0
-163 82 -182 14 65 0
-163 82 -183 14 -65 0
-163 82 -184 -14 65 0
-163 82 -185 -14 -65 0
-163 -82 182 14 65 0
-163 -82 183 14 -65 0
-163 -82 184 -14 65 0
-163 -82 185 -14 -65 0
-163 83 -182 15 66 0
-163 83 -183 15 -66 0
-163 83 -184 -15 66 0
-163 83 -185 -15 -66 0
-163 -83 182 15 66 0
-163 -83 183 15 -66 0
-163 -83 184 -15 66 0
-163 -83 185 -15 -66 0
-163 84 -182 16 67 0
-163 84 -183 16 -67 0
-163 84 -184 -16 67 0
-163 84 -185 -16 -67 0
-163 -84 182 16 67 0
-163 -84 183 16 -67 0
-163 -84 184 -16 67 0
-163 -84 185 -16 -67 0
-163 85 -182 17 68 0
-163 85 -183 17 -68 0
-163 85 -184 -17 68 0
-163 85 -185 -17 -68 0
-163 -85 182 17 68 0
-163 -85 183 17 -68 0
-163 -85 184 -17 68 0
-163 -85 185 -17 -68 0
-164 70 -182 19 53 0
-164 70 -183 19 -53 0
-164 70 -184 -19 53 0
-164 70 -185 -19 -53 0
-164 -70 182 19 53 0
-164 -70 183 19 -53 0
-164 -70 184 -19 53 0
-164 -70 185 -19 -53 0
-164 71 -182 20 54 0
-164 71 -183 20 -54 0
-164 71 -184 -20 54 0
-164 71 -185 -20 -54 0
-164 -71 182 20 54 0
-164 -71 183 20 -54 0
-164 -71 184 -20 54 0
-164 -71 185 -20 -54 0
-164 72 -182 21 55 0
-164 72 -183 21 -55 0
-164 72 -184 -21 55 0
-164 72 -185 -21 -55 0
-164 -72 182 21 55 0
-164 -72 183 21 -55 0
-164 -72 184 -21 55 0
-164 -72 185 -21 -55 0
-164 73 -182 22 56 0
-164 73 -183 22 -56 0
-164 73 -184 -22 56 0
-164 73 -185 -22 -56 0
-164 -73 182 22 56 0
-164 -73 183 22 -56 0
-164 -73 184 -22 56 0
-164 -73 185 -22 -56 0
-164 74 -182 23 57 0
-164 74 -183 23 -57 0
-164 74 -184 -23 57 0
-164 74 -185 -23 -57 0
-164 -74 182 23 57 0
-164 -74 183 23 -57 0
-164 -74 184 -23 57 0
-164 -74 185 -23 -57 0
-164 75 -182 24 58 0
-164 75 -183 24 -58 0
-164 75 -184 -24 58 0
-164 75 -185 -24 -58 0
-164 -75 182 24 58 0
-164 -75 183 24 -58 0
-164 -75 184 -24 58 0
-164 -75 185 -24 -58 0
-164 76 -182 25 59 0
-164 76 -183 25 -59 0
-164 76 -184 -25 59 0
-164 76 -185 -25 -59 0
-164 -76 182 25 59 0
-164 -76 183 25 -59 0
-164 -76 184 -25 59 0
-164 -76 185 -25 -59 0
-164 77 -182 26 60 0
-164 77 -183 26 -60 0
-164 77 -184 -26 60 0
-164 77 -185 -26 -60 0
-164 -77 182 26 60 0
-164 -77 183 26 -60 0
-164 -77 184 -26 60 0
-164 -77 185 -26 -60 0
-164 78 -182 27 61 0
-164 78 -183 27 -61 0
-164 78 -184 -27 61 0
-164 78 -185 -27 -61 0
-164 -78 182 27 61 0
-164 -78 183 27 -61 0
-164 -78 184 -27 61 0
-164 -78 185 -27 -61 0
-164 79 -182 28 62 0
-164 79 -183 28 -62 0
-164 79 -184 -28 62 0
-164 79 -185 -28 -62 0
-164 -79 182 28 62 0
-164 -79 183 28 -62 0
-164 -79 184 -28 62 0
-164 -79 185 -28 -62 0
-164 80 -182 29 63 0
-164 80 -183 29 -63 0
-164 80 -184 -29 63 0
-164 80 -185 -29 -63 0
-164 -80 182 29 63 0
-164 -80 183 29 -63 0
-164 -80 184 -29 63 0
-164 -80 185 -29 -63 0
-164 81 -182 30 64 0
-164 81 -183 30 -64 0
-164 81 -184 -30 64 0
-164 81 -185 -30 -64 0
-164 -81 182 30 64 0
-164 -81 183 30 -64 0
-164 -81 184 -30 64 0
-164 -81 185 -30 -64 0
-164 82 -182 31 65 0
-164 82 -183 31 -65 0
-164 82 -184 -31 65 0
-164 82 -185 -31 -65 0
-164 -82 182 31 65 0
-164 -82 183 31 -65 0
-164 -82 184 -31 65 0
-164 -82 185 -31 -65 0
-164 83 -182 32 66 0
-164 83 -183 32 -66 0
-164 83 -184 -32 66 0
-164 83 -185 -32 -66 0
-164 -83 182 32 66 0
-164 -83 183 32 -66 0
-164 -83 184 -32 66 0
-164 -83 185 -32 -66 0
-164 84 -182 33 67 0
-164 84 -183 33 -67 0
-164 84 -184 -33 67 0
-164 84 -185 -33 -67 0
-164 -84 182 33 67 0
-164 -84 183 33 -67 0
-164 -84 184 -33 67 0
-164 -84 185 -33 -67 0
-164 85 -182 34 68 0
-164 85 -183 34 -68 0
-164 85 -184 -34 68 0
-164 85 -185 -34 -68 0
-164 -85 182 34 68 0
-164 -85 183 34 -68 0
-164 -85 184 -34 68 0
-164 -85 185 -34 -68 0
-165 70 -182 36 53 0
-165 70 -183 36 -53 0
-165 70 -184 -36 53 0
-165 70 -185 -36 -53 0
-165 -70 182 36 53 0
-165 -70 183 36 -53 0
-165 -70 184 -36 53 0
-165 -70 185 -36 -53 0
-165 71 -182 37 54 0
-165 71 -183 37 -54 0
-165 71 -184 -37 54 0
-165 71 -185 -37 -54 0
-165 -71 182 37 54 0
-165 -71 183 37 -54 0
-165 -71 184 -37 54 0
-165 -71 185 -37 -54 0
-165 72 -182 38 55 0
-165 72 -183 38 -55 0
-165 72 -184 -38 55 0
-165 72 -185 -38 -55 0
-165 -72 182 38 55 0
-165 -72 183 38 -55 0
-165 -72 184 -38 55 0
-165 -72 185 -38 -55 0
-165 73 -182 39 56 0
-165 73 -183 39 -56 0
-165 73 -184 -39 56 0
-165 73 -185 -39 -56 0
-165 -73 182 39 56 0
-165 -73 183 39 -56 0
-165 -73 184 -39 56 0
-165 -73 185 -39 -56 0
-165 74 -182 40 57 0
-165 74 -183 40 -57 0
-165 74 -184 -40 57 0
-165 74 -185 -40 -57 0
-165 -74 182 40 57 0
-165 -74 183 40 -57 0
-165 -74 184 -40 57 0
-165 -74 185 -40 -57 0
-165 75 -182 41 58 0
-165 75 -183 41 -58 0
-165 75 -184 -41 58 0
-165 75 -185 -41 -58 0
-165 -75 182 41 58 0
-165 -75 183 41 -58 0
-165 -75 184 -41 58 0
-165 -75 185 -41 -58 0
-165 76 -182 42 59 0
-165 76 -183 42 -59 0
-165 76 -184 -42 59 0
-165 76 -185 -42 -59 0
-165 -76 182 42 59 0
-165 -76 183 42 -59 0
-165 -76 184 -42 59 0
-165 -76 185 -42 -59 0
-165 77 -182 43 60 0
-165 77 -183 43 -60 0
-165 77 -184 -43 60 0
-165 77 -185 -43 -60 0
-165 -77 182 43 60 0
-165 -77 183 43 -60 0
-165 -77 184 -43 60 0
-165 -77 185 -43 -60 0
-165 78 -182 44 61 0
-165 78 -183 44 -61 0
-165 78 -184 -44 61 0
-165 78 -185 -44 -61 0
-165 -78 182 44 61 0
-165 -78 183 44 -61 0
-165 -78 184 -44 61 0
-165 -78 185 -44 -61 0
-165 79 -182 45 62 0
-165 79 -183 45 -62 0
-165 79 -184 -45 62 0
-165 79 -185 -45 -62 0
-165 -79 182 45 62 0
-165 -79 183 45 -62 0
-165 -79 184 -45 62 0
-165 -79 185 -45 -62 0
-165 80 -182 46 63 0
-165 80 -183 46 -63 0
-165 80 -184 -46 63 0
-165 80 -185 -46 -63 0
-165 -80 182 46 63 0
-165 -80 183 46 -63 0
-165 -80 184 -46 63 0
-165 -80 185 -46 -63 0
-165 81 -182 47 64 0
-165 81 -183 47 -64 0
-165 81 -184 -47 64 0
-165 81 -185 -47 -64 0
-165 -81 182 47 64 0
-165 -81 183 47 -64 0
-165 -81 184 -47 64 0
-165 -81 185 -47 -64 0
-165 82 -182 48 65 0
-165 82 -183 48 -65 0
-165 82 -184 -48 65 0
-165 82 -185 -48 -65 0
-165 -82 182 48 65 0
-165 -82 183 48 -65 0
-165 -82 184 -48 65 0
-165 -82 185 -48 -65 0
-165 83 -182 49 66 0
-165 83 -183 49 -66 0
-165 83 -184 -49 66 0
-165 83 -185 -49 -66 0
-165 -83 182 49 66 0
-165 -83 183 49 -66 0
-165 -83 184 -49 66 0
-165 -83 185 -49 -66 0
-165 84 -182 50 67 0
-165 84 -183 50 -67 0
-165 84 -184 -50 67 0
-165 84 -185 -50 -67 0
-165 -84 182 50 67 0
-165 -84 183 50 -67 0
-165 -84 184 -50 67 0
-165 -84 185 -50 -67 0
-165 85 -182 51 68 0
-165 85 -183 51 -68 0
-165 85 -184 -51 68 0
-165 85 -185 -51 -68 0
-165 -85 182 51 68 0
-165 -85 183 51 -68 0
-165 -85 184 -51 68 0
-165 -85 185 -51 -68 0
167 168 169 0
167 -168 -169 0
-167 168 -169 0
171 172 173 0
171 -172 -173 0
-171 172 -173 0
175 176 177 0
175 -176 -177 0
-175 176 -177 0
179 180 181 0
179 -180 -181 0
-179 180 -181 0
183 184 185 0
183 -184 -185 0
-183 184 -185 0
1 98 99 100 101 108 109 110 111 123 124 125 126 144 145 146 147 116 131 136 152 157 163 0
18 112 113 114 115 116 127 128 129 130 131 148 149 150 151 152 137 158 164 0
35 132 133 134 135 136 137 153 154 155 156 157 158 165 0
52 159 160 161 162 163 164 165 0
69 0
-86 -98 0
-86 -99 0
-86 -108 0
-86 -109 0
-86 -123 0
-86 -124 0
-86 -144 0
-86 -145 0
-87 -98 0
-87 -100 0
-87 -108 0
-87 -110 0
-87 -123 0
-87 -125 0
-87 -144 0
-87 -146 0
-88 -99 0
-88 -100 0
-88 -109 0
-88 -110 0
-88 -124 0
-88 -125 0
-88 -145 0
-88 -146 0
-89 -98 0
-89 -101 0
-89 -108 0
-89 -111 0
-89 -123 0
-89 -126 0
-89 -144 0
-89 -147 0
-90 -99 0
-90 -101 0
-90 -109 0
-90 -111 0
-90 -124 0
-90 -126 0
-90 -145 0
-90 -147 0
-91 -100 0
-91 -101 0
-91 -110 0
-91 -111 0
-91 -125 0
-91 -126 0
-91 -146 0
-91 -147 0
-92 -112 0
-92 -113 0
-92 -127 0
-92 -128 0
-92 -148 0
-92 -149 0
-93 -112 0
-93 -114 0
-93 -127 0
-93 -129 0
-93 -148 0
-93 -150 0
-94 -113 0
-94 -114 0
-94 -128 0
-94 -129 0
-94 -149 0
-94 -150 0
-95 -112 0
-95 -115 0
-95 -127 0
-95 -130 0
-95 -148 0
-95 -151 0
-96 -113 0
-96 -115 0
-96 -128 0
-96 -130 0
-96 -149 0
-96 -151 0
-97 -114 0
-97 -115 0
-97 -129 0
-97 -130 0
-97 -150 0
-97 -151 0
-98 -112 0
-98 -116 0
-98 -127 0
-98 -131 0
-98 -148 0
-98 -152 0
-99 -113 0
-99 -116 0
-99 -128 0
-99 -131 0
-99 -149 0
-99 -152 0
-100 -114 0
-100 -116 0
-100 -129 0
-100 -131 0
-100 -150 0
-100 -152 0
-101 -115 0
-101 -116 0
-101 -130 0
-101 -131 0
-101 -151 0
-101 -152 0
-102 -132 0
-102 -133 0
-102 -153 0
-102 -154 0
-103 -132 0
-103 -134 0
-103 -153 0
-103 -155 0
-104 -133 0
-104 -134 0
-104 -154 0
-104 -155 0
-105 -132 0
-105 -135 0
-105 -153 0
-105 -156 0
-106 -133 0
-106 -135 0
-106 -154 0
-106 -156 0
-107 -134 0
-107 -135 0
-107 -155 0
-107 -156 0
-108 -132 0
-108 -136 0
-108 -153 0
-108 -157 0
-109 -133 0
-109 -136 0
-109 -154 0
-109 -157 0
-110 -134 0
-110 -136 0
-110 -155 0
-110 -157 0
-111 -135 0
-111 -136 0
-111 -156 0
-111 -157 0
-112 -132 0
-112 -137 0
-112 -153 0
-112 -158 0
-113 -133 0
-113 -137 0
-113 -154 0
-113 -158 0
-114 -134 0
-114 -137 0
-114 -155 0
-114 -158 0
-115 -135 0
-115 -137 0
-115 -156 0
-115 -158 0
-116 -136 0
-116 -137 0
-116 -157 0
-116 -158 0
-117 -159 0
-117 -160 0
-118 -159 0
-118 -161 0
-119 -160 0
-119 -161 0
-120 -159 0
-120 -162 0
-121 -160 0
-121 -162 0
-122 -161 0
-122 -162 0
-123 -159 0
-123 -163 0
-124 -160 0
-124 -163 0
-125 -161 0
-125 -163 0
-126 -162 0
-126 -163 0
-127 -159 0
-127 -164 0
-128 -160 0
-128 -164 0
-129 -161 0
-129 -164 0
-130 -162 0
-130 -164 0
-131 -163 0
-131 -164 0
-132 -159 0
-132 -165 0
-133 -160 0
-133 -165 0
-134 -161 0
-134 -165 0
-135 -162 0
-135 -165 0
-136 -163 0
-136 -165 0
-137 -164 0
-137 -165 0
-87 -92 0
-88 -92 0
-88 -93 0
-89 -92 0
-89 -93 0
-89 -94 0
-90 -92 0
-90 -93 0
-90 -94 0
-90 -95 0
-91 -92 0
-91 -93 0
-91 -94 0
-91 -95 0
-91 -96 0
-93 -102 0
-94 -102 0
-94 -103 0
-95 -102 0
-95 -103 0
-95 -104 0
-96 -102 0
-96 -103 0
-96 -104 0
-96 -105 0
-97 -102 0
-97 -103 0
-97 -104 0
-97 -105 0
-97 -106 0
-98 -102 0
-98 -103 0
-98 -104 0
-98 -105 0
-98 -106 0
-98 -107 0
-99 -102 0
-99 -103 0
-99 -104 0
-99 -105 0
-99 -106 0
-99 -107 0
-99 -108 0
-100 -102 0
-100 -103 0
-100 -104 0
-100 -105 0
-100 -106 0
-100 -107 0
-100 -108 0
-100 -109 0
-101 -102 0
-101 -103 0
-101 -104 0
-101 -105 0
-101 -106 0
-101 -107 0
-101 -108 0
-101 -109 0
-101 -110 0
-103 -117 0
-104 -117 0
-104 -118 0
-105 -117 0
-105 -118 0
-105 -119 0
-106 -117 0
-106 -118 0
-106 -119 0
-106 -120 0
-107 -117 0
-107 -118 0
-107 -119 0
-107 -120 0
-107 -121 0
-108 -117 0
-108 -118 0
-108 -119 0
-108 -120 0
-108 -121 0
-108 -122 0
-109 -117 0
-109 -118 0
-109 -119 0
-109 -120 0
-109 -121 0
-109 -122 0
-109 -123 0
-110 -117 0
-110 -118 0
-110 -119 0
-110 -120 0
-110 -121 0
-110 -122 0
-110 -123 0
-110 -124 0
-111 -117 0
-111 -118 0
-111 -119 0
-111 -120 0
-111 -121 0
-111 -122 0
-111 -123 0
-111 -124 0
-111 -125 0
-112 -117 0
-112 -118 0
-112 -119 0
-112 -120 0
-112 -121 0
-112 -122 0
-112 -123 0
-112 -124 0
-112 -125 0
-112 -126 0
-113 -117 0
-113 -118 0
-113 -119 0
-113 -120 0
-113 -121 0
-113 -122 0
-113 -123 0
-113 -124 0
-113 -125 0
-113 -126 0
-113 -127 0
-114 -117 0
-114 -118 0
-114 -119 0
-114 -120 0
-114 -121 0
-114 -122 0
-114 -123 0
-114 -124 0
-114 -125 0
-114 -126 0
-114 -127 0
-114 -128 0
-115 -117 0
-115 -118 0
-115 -119 0
-115 -120 0
-115 -121 0
-115 -122 0
-115 -123 0
-115 -124 0
-115 -125 0
-115 -126 0
-115 -127 0
-115 -128 0
-115 -129 0
-116 -117 0
-116 -118 0
-116 -119 0
-116 -120 0
-116 -121 0
-116 -122 0
-116 -123 0
-116 -124 0
-116 -125 0
-116 -126 0
-116 -127 0
-116 -128 0
-116 -129 0
-116 -130 0
-118 -138 0
-119 -138 0
-119 -139 0
-120 -138 0
-120 -139 0
-120 -140 0
-121 -138 0
-121 -139 0
-121 -140 0
-121 -141 0
-122 -138 0
-122 -139 0
-122 -140 0
-122 -141 0
-122 -142 0
-123 -138 0
-123 -139 0
-123 -140 0
-123 -141 0
-123 -142 0
-123 -143 0
-124 -138 0
-124 -139 0
-124 -140 0
-124 -141 0
-124 -142 0
-124 -143 0
-124 -144 0
-125 -138 0
-125 -139 0
-125 -140 0
-125 -141 0
-125 -142 0
-125 -143 0
-125 -144 0
-125 -145 0
-126 -138 0
-126 -139 0
-126 -140 0
-126 -141 0
-126 -142 0
-126 -143 0
-126 -144 0
-126 -145 0
-126 -146 0
-127 -138 0
-127 -139 0
-127 -140 0
-127 -141 0
-127 -142 0
-127 -143 0
-127 -144 0
-127 -145 0
-127 -146 0
-127 -147 0
-128 -138 0
-128 -139 0
-128 -140 0
-128 -141 0
-128 -142 0
-128 -143 0
-128 -144 0
-128 -145 0
-128 -146 0
-128 -147 0
-128 -148 0
-129 -138 0
-129 -139 0
-129 -140 0
-129 -141 0
-129 -142 0
-129 -143 0
-129 -144 0
-129 -145 0
-129 -146 0
-129 -147 0
-129 -148 0
-129 -149 0
-130 -138 0
-130 -139 0
-130 -140 0
-130 -141 0
-130 -142 0
-130 -143 0
-130 -144 0
-130 -145 0
-130 -146 0
-130 -147 0
-130 -148 0
-130 -149 0
-130 -150 0
-131 -138 0
-131 -139 0
-131 -140 0
-131 -141 0
-131 -142 0
-131 -143 0
-131 -144 0
-131 -145 0
-131 -146 0
-131 -147 0
-131 -148 0
-131 -149 0
-131 -150 0
-131 -151 0
-132 -138 0
-132 -139 0
-132 -140 0
-132 -141 0
-132 -142 0
-132 -143 0
-132 -144 0
-132 -145 0
-132 -146 0
-132 -147 0
-132 -148 0
-132 -149 0
-132 -150 0
-132 -151 0
-132 -152 0
-133 -138 0
-133 -139 0
-133 -140 0
-133 -141 0
-133 -142 0
-133 -143 0
-133 -144 0
-133 -145 0
-133 -146 0
-133 -147 0
-133 -148 0
-133 -149 0
-133 -150 0
-133 -151 0
-133 -152 0
-133 -153 0
-134 -138 0
-134 -139 0
-134 -140 0
-134 -141 0
-134 -142 0
-134 -143 0
-134 -144 0
-134 -145 0
-134 -146 0
-134 -147 0
-134 -148 0
-134 -149 0
-134 -150 0
-134 -151 0
-134 -152 0
-134 -153 0
-134 -154 0
-135 -138 0
-135 -139 0
-135 -140 0
-135 -141 0
-135 -142 0
-135 -143 0
-135 -144 0
-135 -145 0
-135 -146 0
-135 -147 0
-135 -148 0
-135 -149 0
-135 -150 0
-135 -151 0
-135 -152 0
-135 -153 0
-135 -154 0
-135 -155 0
-136 -138 0
-136 -139 0
-136 -140 0
-136 -141 0
-136 -142 0
-136 -143 0
-136 -144 0
-136 -145 0
-136 -146 0
-136 -147 0
-136 -148 0
-136 -149 0
-136 -150 0
-136 -151 0
-136 -152 0
-136 -153 0
-136 -154 0
-136 -155 0
-136 -156 0
-137 -138 0
-137 -139 0
-137 -140 0
-137 -141 0
-137 -142 0
-137 -143 0
-137 -144 0
-137 -145 0
-137 -146 0
-137 -147 0
-137 -148 0
-137 -149 0
-137 -150 0
-137 -151 0
-137 -152 0
-137 -153 0
-137 -154 0
-137 -155 0
-137 -156 0
-137 -157 0
