ABC command line: "miter ./hard-instances/BubbleSort_6_4.aig ./hard-instances/PancakeSort_6_4.aig ; sat -v".

==================================[MINISAT]===================================
| Conflicts |     ORIGINAL     |              LEARNT              | Progress |
|           | Clauses Literals |   Limit Clauses Literals  Lit/Cl |          |
==============================================================================
|         0 |    4565    12626 |       0       0        0     0.0 |  0.000 % |
|       100 |    4565    12626 |       0     100     1918    19.2 |  0.189 % |
|       201 |    4565    12626 |       0     201     5380    26.8 |  0.188 % |
|       401 |    4565    12626 |       0     401    11228    28.0 |  0.189 % |
|       501 |    4565    12626 |       0     501    13475    26.9 |  0.188 % |
|       604 |    4565    12626 |       0     604    15879    26.3 |  0.189 % |
|       805 |    4565    12626 |       0     805    20771    25.8 |  0.188 % |
|      1205 |    4565    12626 |       0    1205    30407    25.2 |  0.189 % |
|      1306 |    4565    12626 |       0    1306    33599    25.7 |  0.189 % |
|      1406 |    4565    12626 |       0    1406    36200    25.7 |  0.189 % |
|      1606 |    4565    12626 |       0    1606    41829    26.0 |  0.189 % |
|      1709 |    4565    12626 |       0    1709    44715    26.2 |  0.189 % |
|      1809 |    4565    12626 |       0    1809    46770    25.9 |  0.188 % |
|      2010 |    4565    12626 |       0    2010    51560    25.7 |  0.189 % |
|      2411 |    4565    12626 |       0    2411    62630    26.0 |  0.188 % |
|      3214 |    4565    12626 |       0    3214    80793    25.1 |  0.189 % |
|      3315 |    4565    12626 |       0    3315    83675    25.2 |  0.189 % |
|      3415 |    4565    12626 |       0    3415    86560    25.3 |  0.189 % |
|      3616 |    4565    12626 |       0    3616    93135    25.8 |  0.189 % |
|      3717 |    4565    12626 |       0    3717    95625    25.7 |  0.189 % |
|      3818 |    4565    12626 |       0    3818    98980    25.9 |  0.188 % |
|      4022 |    4565    12626 |       0    4022   104053    25.9 |  0.189 % |
|      4422 |    4565    12626 |       0    4422   115942    26.2 |  0.188 % |
|      4524 |    4565    12626 |       0    4524   118714    26.2 |  0.188 % |
|      4624 |    4565    12626 |       0    4624   122158    26.4 |  0.188 % |
|      4828 |    4565    12626 |       0    4828   128149    26.5 |  0.189 % |
|      4929 |    4565    12626 |       0    4929   131092    26.6 |  0.189 % |
|      5029 |    4565    12626 |       0    5029   133919    26.6 |  0.188 % |
|      5231 |    4565    12626 |       0    5231   139614    26.7 |  0.189 % |
|      5632 |    4565    12626 |       0    5632   151192    26.8 |  0.189 % |
|      6435 |    4565    12626 |       0    6435   173475    27.0 |  0.189 % |
|      8036 |    4565    12626 |       0    8036   226356    28.2 |  0.188 % |
|      8136 |    4565    12626 |       0    8136   228749    28.1 |  0.189 % |
|      8236 |    4565    12626 |       0    8236   231063    28.1 |  0.189 % |
|      8438 |    4565    12626 |       0    8438   236444    28.0 |  0.189 % |
|      8540 |    4565    12626 |       0    8540   239388    28.0 |  0.189 % |
|      8640 |    4565    12626 |       0    8640   241584    28.0 |  0.189 % |
|      8841 |    4565    12626 |       0    8841   246937    27.9 |  0.189 % |
|      9242 |    4565    12626 |       0    9242   257893    27.9 |  0.189 % |
|      9342 |    4565    12626 |       0    9342   260256    27.9 |  0.189 % |
|      9442 |    4565    12626 |       0    9442   263007    27.9 |  0.189 % |
|      9643 |    4565    12626 |       0    9643   267774    27.8 |  0.189 % |
|      9747 |    4565    12626 |       0    9747   269678    27.7 |  0.188 % |
|      9848 |    4565    12626 |       0    9848   273014    27.7 |  0.188 % |
|     10048 |    4565    12626 |       0    5106   120142    23.5 |  0.189 % |
|     10449 |    4565    12626 |       0    5507   130776    23.7 |  0.189 % |
|     11249 |    4565    12626 |       0    6307   151359    24.0 |  0.189 % |
|     11350 |    4565    12626 |       0    6408   154648    24.1 |  0.188 % |
|     11451 |    4565    12626 |       0    6509   156901    24.1 |  0.188 % |
|     11651 |    4565    12626 |       0    6709   163282    24.3 |  0.188 % |
|     11752 |    4565    12626 |       0    6810   166441    24.4 |  0.188 % |
|     11855 |    4565    12626 |       0    6913   169702    24.5 |  0.188 % |
|     12057 |    4565    12626 |       0    7115   174909    24.6 |  0.189 % |
|     12458 |    4565    12626 |       0    7516   185426    24.7 |  0.188 % |
|     12558 |    4565    12626 |       0    7616   187136    24.6 |  0.188 % |
|     12660 |    4565    12626 |       0    7718   192423    24.9 |  0.189 % |
|     12860 |    4565    12626 |       0    7918   198574    25.1 |  0.188 % |
|     12962 |    4565    12626 |       0    8020   201506    25.1 |  0.189 % |
|     13063 |    4565    12626 |       0    8121   203875    25.1 |  0.189 % |
|     13263 |    4565    12626 |       0    8321   209521    25.2 |  0.189 % |
|     13664 |    4565    12626 |       0    8722   219760    25.2 |  0.189 % |
|     14465 |    4565    12626 |       0    9523   241278    25.3 |  0.188 % |
|     16065 |    4565    12626 |       0    5672   112883    19.9 |  0.189 % |
|     19265 |    4565    12626 |       0    8872   194558    21.9 |  0.189 % |
|     19365 |    4565    12626 |       0    8972   196651    21.9 |  0.189 % |
|     19470 |    4565    12626 |       0    9077   199172    21.9 |  0.189 % |
|     19676 |    4565    12626 |       0    9283   204060    22.0 |  0.189 % |
|     19777 |    4565    12626 |       0    9384   206357    22.0 |  0.189 % |
|     19877 |    4565    12626 |       0    9484   208809    22.0 |  0.189 % |
|     20080 |    4565    12626 |       0    9687   213879    22.1 |  0.189 % |
|     20481 |    4565    12626 |       0   10088   227518    22.6 |  0.189 % |
|     20582 |    4565    12626 |       0   10189   229527    22.5 |  0.189 % |
|     20684 |    4565    12626 |       0   10291   232429    22.6 |  0.189 % |
|     20886 |    4565    12626 |       0   10493   236539    22.5 |  0.189 % |
|     20988 |    4565    12626 |       0   10595   240692    22.7 |  0.189 % |
|     21088 |    4565    12626 |       0   10695   242769    22.7 |  0.188 % |
|     21289 |    4565    12626 |       0   10896   246527    22.6 |  0.189 % |
|     21689 |    4565    12626 |       0   11296   259084    22.9 |  0.189 % |
|     22491 |    4565    12626 |       0    6090   110757    18.2 |  0.189 % |
|     22591 |    4565    12626 |       0    6190   112637    18.2 |  0.189 % |
|     22691 |    4565    12626 |       0    6290   116630    18.5 |  0.189 % |
|     22892 |    4565    12626 |       0    6491   123099    19.0 |  0.189 % |
|     22992 |    4565    12626 |       0    6591   125868    19.1 |  0.189 % |
|     23093 |    4565    12626 |       0    6692   128444    19.2 |  0.189 % |
|     23293 |    4565    12626 |       0    6892   133892    19.4 |  0.189 % |
|     23694 |    4565    12626 |       0    7293   143599    19.7 |  0.189 % |
|     23794 |    4565    12626 |       0    7393   146033    19.8 |  0.189 % |
|     23895 |    4565    12626 |       0    7494   148248    19.8 |  0.189 % |
|     24096 |    4565    12626 |       0    7695   153646    20.0 |  0.189 % |
|     24196 |    4565    12626 |       0    7795   156235    20.0 |  0.189 % |
|     24296 |    4565    12626 |       0    7895   158967    20.1 |  0.189 % |
|     24497 |    4565    12626 |       0    8096   164031    20.3 |  0.189 % |
|     24897 |    4565    12626 |       0    8496   174220    20.5 |  0.189 % |
|     25697 |    4565    12626 |       0    9296   195722    21.1 |  0.189 % |
|     27299 |    4565    12626 |       0   10898   236459    21.7 |  0.189 % |
|     27402 |    4565    12626 |       0   11001   238848    21.7 |  0.189 % |
|     27503 |    4565    12626 |       0   11102   240932    21.7 |  0.189 % |
|     27703 |    4565    12626 |       0   11302   246479    21.8 |  0.189 % |
|     27804 |    4565    12626 |       0   11403   249303    21.9 |  0.189 % |
|     27905 |    4565    12626 |       0   11504   251877    21.9 |  0.188 % |
|     28107 |    4565    12626 |       0   11706   257335    22.0 |  0.189 % |
|     28507 |    4565    12626 |       0   12106   267545    22.1 |  0.189 % |
|     28609 |    4565    12626 |       0   12208   270039    22.1 |  0.189 % |
|     28711 |    4565    12626 |       0   12310   272695    22.2 |  0.189 % |
|     28912 |    4565    12626 |       0   12511   277211    22.2 |  0.189 % |
|     29013 |    4565    12626 |       0   12612   280009    22.2 |  0.189 % |
|     29113 |    4565    12626 |       0   12712   282052    22.2 |  0.189 % |
|     29313 |    4565    12626 |       0   12912   288774    22.4 |  0.189 % |
|     29716 |    4565    12626 |       0    6879   122498    17.8 |  0.189 % |
|     30520 |    4565    12626 |       0    7683   144493    18.8 |  0.189 % |
|     30620 |    4565    12626 |       0    7783   147014    18.9 |  0.189 % |
|     30720 |    4565    12626 |       0    7883   149524    19.0 |  0.189 % |
|     30920 |    4565    12626 |       0    8083   154604    19.1 |  0.189 % |
|     31020 |    4565    12626 |       0    8183   158368    19.4 |  0.189 % |
|     31120 |    4565    12626 |       0    8283   160442    19.4 |  0.188 % |
|     31320 |    4565    12626 |       0    8483   166001    19.6 |  0.189 % |
|     31720 |    4565    12626 |       0    8883   175754    19.8 |  0.189 % |
|     31820 |    4565    12626 |       0    8983   177889    19.8 |  0.189 % |
|     31921 |    4565    12626 |       0    9084   179797    19.8 |  0.189 % |
|     32121 |    4565    12626 |       0    9284   184219    19.8 |  0.189 % |
|     32222 |    4565    12626 |       0    9385   186418    19.9 |  0.189 % |
|     32322 |    4565    12626 |       0    9485   188765    19.9 |  0.189 % |
|     32522 |    4565    12626 |       0    9685   193643    20.0 |  0.189 % |
|     32922 |    4565    12626 |       0   10085   203327    20.2 |  0.189 % |
|     33722 |    4565    12626 |       0   10885   221223    20.3 |  0.188 % |
|     35324 |    4565    12626 |       0   12487   262498    21.0 |  0.189 % |
|     38526 |    4565    12626 |       0    8745   155681    17.8 |  0.189 % |
|     44926 |    4565    12626 |       0    7701   144250    18.7 |  0.189 % |
|     45029 |    4565    12626 |       0    7804   146640    18.8 |  0.189 % |
|     45130 |    4565    12626 |       0    7905   148983    18.8 |  0.189 % |
|     45331 |    4565    12626 |       0    8106   154008    19.0 |  0.189 % |
|     45437 |    4565    12626 |       0    8212   156772    19.1 |  0.189 % |
|     45537 |    4565    12626 |       0    8312   159739    19.2 |  0.189 % |
|     45738 |    4565    12626 |       0    8513   165414    19.4 |  0.189 % |
|     46139 |    4565    12626 |       0    8914   175118    19.6 |  0.189 % |
|     46240 |    4565    12626 |       0    9015   177939    19.7 |  0.188 % |
|     46342 |    4565    12626 |       0    9117   180175    19.8 |  0.189 % |
|     46544 |    4565    12626 |       0    9319   184704    19.8 |  0.189 % |
|     46644 |    4565    12626 |       0    9419   187208    19.9 |  0.189 % |
|     46744 |    4565    12626 |       0    9519   189801    19.9 |  0.188 % |
|     46945 |    4565    12626 |       0    9720   195663    20.1 |  0.189 % |
|     47346 |    4565    12626 |       0   10121   206372    20.4 |  0.189 % |
|     48146 |    4565    12626 |       0   10921   228455    20.9 |  0.189 % |
|     48246 |    4565    12626 |       0   11021   230825    20.9 |  0.189 % |
|     48347 |    4565    12626 |       0   11122   233566    21.0 |  0.189 % |
|     48549 |    4565    12626 |       0   11324   238434    21.1 |  0.189 % |
|     48649 |    4565    12626 |       0   11424   240950    21.1 |  0.188 % |
|     48749 |    4565    12626 |       0   11524   243552    21.1 |  0.189 % |
|     48949 |    4565    12626 |       0   11724   248082    21.2 |  0.189 % |
|     49352 |    4565    12626 |       0   12127   259103    21.4 |  0.189 % |
|     49452 |    4565    12626 |       0   12227   261316    21.4 |  0.189 % |
|     49552 |    4565    12626 |       0   12327   263782    21.4 |  0.189 % |
|     49752 |    4565    12626 |       0   12527   268022    21.4 |  0.189 % |
|     49853 |    4565    12626 |       0   12628   270209    21.4 |  0.189 % |
|     49954 |    4565    12626 |       0   12729   272617    21.4 |  0.189 % |
|     50154 |    4565    12626 |       0   12929   278221    21.5 |  0.189 % |
|     50554 |    4565    12626 |       0   13329   286836    21.5 |  0.189 % |
|     51354 |    4565    12626 |       0   14129   306795    21.7 |  0.188 % |
|     52954 |    4565    12626 |       0   15729   350660    22.3 |  0.189 % |
|     53054 |    4565    12626 |       0   15829   352975    22.3 |  0.188 % |
|     53157 |    4565    12626 |       0   15932   355920    22.3 |  0.188 % |
|     53359 |    4565    12626 |       0    8127   133087    16.4 |  0.189 % |
|     53459 |    4565    12626 |       0    8227   135328    16.4 |  0.189 % |
|     53559 |    4565    12626 |       0    8327   137943    16.6 |  0.189 % |
|     53760 |    4565    12626 |       0    8528   142533    16.7 |  0.189 % |
|     54160 |    4565    12626 |       0    8928   151014    16.9 |  0.189 % |
|     54260 |    4565    12626 |       0    9028   153450    17.0 |  0.189 % |
|     54360 |    4565    12626 |       0    9128   155535    17.0 |  0.189 % |
|     54560 |    4565    12626 |       0    9328   158592    17.0 |  0.189 % |
|     54661 |    4565    12626 |       0    9429   161287    17.1 |  0.188 % |
|     54762 |    4565    12626 |       0    9530   163853    17.2 |  0.189 % |
|     54962 |    4565    12626 |       0    9730   168402    17.3 |  0.189 % |
|     55363 |    4565    12626 |       0   10131   177733    17.5 |  0.189 % |
|     56164 |    4565    12626 |       0   10932   198067    18.1 |  0.188 % |
|     56264 |    4565    12626 |       0   11032   200621    18.2 |  0.189 % |
|     56367 |    4565    12626 |       0   11135   203567    18.3 |  0.189 % |
|     56567 |    4565    12626 |       0   11335   208164    18.4 |  0.189 % |
|     56669 |    4565    12626 |       0   11437   210522    18.4 |  0.188 % |
|     56773 |    4565    12626 |       0   11541   213284    18.5 |  0.189 % |
|     56975 |    4565    12626 |       0   11743   218170    18.6 |  0.189 % |
|     57376 |    4565    12626 |       0   12143   228634    18.8 |  0.283 % |
|     57479 |    4565    12626 |       0   12246   230852    18.9 |  0.283 % |
|     57579 |    4565    12626 |       0   12346   234235    19.0 |  0.283 % |
|     57780 |    4565    12626 |       0   12547   238075    19.0 |  0.283 % |
|     57880 |    4565    12626 |       0   12647   242316    19.2 |  0.283 % |
|     57980 |    4565    12626 |       0   12747   245090    19.2 |  0.283 % |
|     58181 |    4565    12626 |       0   12948   250182    19.3 |  0.283 % |
|     58582 |    4565    12626 |       0   13349   262604    19.7 |  0.283 % |
|     59384 |    4565    12626 |       0   14151   281671    19.9 |  0.283 % |
|     60984 |    4565    12626 |       0   15751   322279    20.5 |  0.283 % |
|     64185 |    4565    12626 |       0   10376   188446    18.2 |  0.283 % |
|     64286 |    4565    12626 |       0   10477   191456    18.3 |  0.283 % |
|     64386 |    4565    12626 |       0   10577   193160    18.3 |  0.283 % |
|     64586 |    4565    12626 |       0   10777   198882    18.5 |  0.283 % |
|     64686 |    4565    12626 |       0   10877   201765    18.5 |  0.283 % |
|     64787 |    4565    12626 |       0   10978   203795    18.6 |  0.283 % |
|     64988 |    4565    12626 |       0   11179   209413    18.7 |  0.283 % |
|     65389 |    4565    12626 |       0   11580   218822    18.9 |  0.283 % |
|     65489 |    4565    12626 |       0   11680   221032    18.9 |  0.283 % |
|     65590 |    4565    12626 |       0   11781   223326    19.0 |  0.283 % |
|     65791 |    4565    12626 |       0   11982   228490    19.1 |  0.283 % |
|     65893 |    4565    12626 |       0   12084   231403    19.1 |  0.283 % |
|     65994 |    4565    12626 |       0   12185   233898    19.2 |  0.283 % |
|     66196 |    4565    12626 |       0   12387   238778    19.3 |  0.283 % |
|     66597 |    4565    12626 |       0   12788   249611    19.5 |  0.283 % |
|     67398 |    4565    12626 |       0   13589   268185    19.7 |  0.283 % |
|     67501 |    4565    12626 |       0   13692   270167    19.7 |  0.283 % |
|     67604 |    4565    12626 |       0   13795   273422    19.8 |  0.283 % |
|     67807 |    4565    12626 |       0   13998   279098    19.9 |  0.283 % |
|     67907 |    4565    12626 |       0   14098   281682    20.0 |  0.283 % |
|     68010 |    4565    12626 |       0   14201   283896    20.0 |  0.283 % |
|     68211 |    4565    12626 |       0   14402   288322    20.0 |  0.283 % |
|     68612 |    4565    12626 |       0   14803   298888    20.2 |  0.283 % |
|     68714 |    4565    12626 |       0   14905   301320    20.2 |  0.283 % |
|     68815 |    4565    12626 |       0   15006   303428    20.2 |  0.283 % |
|     69016 |    4565    12626 |       0   15207   307973    20.3 |  0.283 % |
|     69117 |    4565    12626 |       0   15308   310125    20.3 |  0.283 % |
|     69217 |    4565    12626 |       0   15408   312533    20.3 |  0.283 % |
|     69417 |    4565    12626 |       0   15608   317595    20.3 |  0.283 % |
|     69818 |    4565    12626 |       0   16009   327167    20.4 |  0.283 % |
|     70619 |    4565    12626 |       0   16810   346674    20.6 |  0.283 % |
|     72221 |    4565    12626 |       0    9409   142054    15.1 |  0.283 % |
|     72323 |    4565    12626 |       0    9511   144693    15.2 |  0.283 % |
|     72425 |    4565    12626 |       0    9613   147525    15.3 |  0.283 % |
|     72626 |    4565    12626 |       0    9814   152477    15.5 |  0.283 % |
|     72726 |    4565    12626 |       0    9914   154701    15.6 |  0.283 % |
|     72828 |    4565    12626 |       0   10016   156969    15.7 |  0.283 % |
|     73028 |    4565    12626 |       0   10216   162398    15.9 |  0.283 % |
|     73428 |    4565    12626 |       0   10616   171085    16.1 |  0.283 % |
|     73529 |    4565    12626 |       0   10717   173287    16.2 |  0.283 % |
|     73629 |    4565    12626 |       0   10817   175815    16.3 |  0.283 % |
|     73829 |    4565    12626 |       0   11017   180649    16.4 |  0.283 % |
|     73931 |    4565    12626 |       0   11119   183425    16.5 |  0.283 % |
|     74033 |    4565    12626 |       0   11221   185702    16.5 |  0.283 % |
|     74233 |    4565    12626 |       0   11421   190069    16.6 |  0.283 % |
|     74634 |    4565    12626 |       0   11822   200222    16.9 |  0.283 % |
|     75434 |    4565    12626 |       0   12622   220142    17.4 |  0.283 % |
|     75536 |    4565    12626 |       0   12724   222431    17.5 |  0.283 % |
|     75639 |    4565    12626 |       0   12827   224639    17.5 |  0.283 % |
|     75840 |    4565    12626 |       0   13028   229642    17.6 |  0.283 % |
|     75940 |    4565    12626 |       0   13128   232671    17.7 |  0.283 % |
|     76040 |    4565    12626 |       0   13228   234842    17.8 |  0.283 % |
|     76240 |    4565    12626 |       0   13428   239518    17.8 |  0.283 % |
|     76640 |    4565    12626 |       0   13828   249244    18.0 |  0.283 % |
|     76740 |    4565    12626 |       0   13928   251629    18.1 |  0.283 % |
|     76840 |    4565    12626 |       0   14028   254307    18.1 |  0.283 % |
|     77040 |    4565    12626 |       0   14228   258919    18.2 |  0.283 % |
|     77140 |    4565    12626 |       0   14328   262001    18.3 |  0.283 % |
|     77241 |    4565    12626 |       0   14429   264059    18.3 |  0.283 % |
|     77442 |    4565    12626 |       0   14630   268386    18.3 |  0.283 % |
|     77842 |    4565    12626 |       0   15030   280157    18.6 |  0.283 % |
|     78642 |    4565    12626 |       0   15830   300089    19.0 |  0.283 % |
|     80242 |    4565    12626 |       0   17430   345596    19.8 |  0.283 % |
|     83445 |    4565    12626 |       0   10987   197092    17.9 |  0.283 % |
|     89848 |    4565    12626 |       0   17390   336277    19.3 |  0.283 % |
|    102649 |    4565    12626 |       0   20127   404048    20.1 |  0.283 % |
|    102750 |    4565    12626 |       0   20228   406092    20.1 |  0.283 % |
|    102850 |    4565    12626 |       0   20328   407616    20.1 |  0.283 % |
|    103051 |    4565    12626 |       0   20529   412669    20.1 |  0.283 % |
|    103153 |    4565    12626 |       0   20631   414727    20.1 |  0.283 % |
|    103254 |    4565    12626 |       0   20732   417080    20.1 |  0.283 % |
|    103457 |    4565    12626 |       0   20935   421130    20.1 |  0.283 % |
|    103857 |    4565    12626 |       0   10827   158698    14.7 |  0.283 % |
|    103958 |    4565    12626 |       0   10928   160786    14.7 |  0.283 % |
|    104058 |    4565    12626 |       0   11028   162741    14.8 |  0.283 % |
|    104259 |    4565    12626 |       0   11229   166974    14.9 |  0.283 % |
|    104359 |    4565    12626 |       0   11329   169170    14.9 |  0.283 % |
|    104460 |    4565    12626 |       0   11430   171745    15.0 |  0.283 % |
|    104660 |    4565    12626 |       0   11630   176208    15.2 |  0.283 % |
|    105064 |    4565    12626 |       0   12034   186823    15.5 |  0.283 % |
|    105865 |    4565    12626 |       0   12835   208031    16.2 |  0.283 % |
|    105965 |    4565    12626 |       0   12935   210173    16.2 |  0.283 % |
|    106065 |    4565    12626 |       0   13035   212345    16.3 |  0.283 % |
|    106265 |    4565    12626 |       0   13235   217140    16.4 |  0.283 % |
|    106365 |    4565    12626 |       0   13335   219364    16.5 |  0.283 % |
|    106466 |    4565    12626 |       0   13436   221624    16.5 |  0.283 % |
|    106667 |    4565    12626 |       0   13637   225528    16.5 |  0.283 % |
|    107068 |    4565    12626 |       0   14038   235151    16.8 |  0.283 % |
|    107168 |    4565    12626 |       0   14138   237491    16.8 |  0.283 % |
|    107272 |    4565    12626 |       0   14242   239637    16.8 |  0.283 % |
|    107473 |    4565    12626 |       0   14443   244260    16.9 |  0.283 % |
|    107575 |    4565    12626 |       0   14545   247080    17.0 |  0.283 % |
|    107677 |    4565    12626 |       0   14647   249555    17.0 |  0.283 % |
|    107877 |    4565    12626 |       0   14847   254718    17.2 |  0.283 % |
|    108277 |    4565    12626 |       0   15247   265199    17.4 |  0.283 % |
|    109077 |    4565    12626 |       0   16047   285600    17.8 |  0.283 % |
|    110677 |    4565    12626 |       0   17647   323146    18.3 |  0.283 % |
|    110778 |    4565    12626 |       0   17748   325845    18.4 |  0.283 % |
|    110878 |    4565    12626 |       0   17848   327986    18.4 |  0.283 % |
|    111078 |    4565    12626 |       0   18048   333420    18.5 |  0.283 % |
|    111179 |    4565    12626 |       0   18149   335215    18.5 |  0.283 % |
|    111281 |    4565    12626 |       0   18251   337722    18.5 |  0.283 % |
|    111481 |    4565    12626 |       0   18451   342181    18.5 |  0.283 % |
|    111881 |    4565    12626 |       0   18851   351323    18.6 |  0.283 % |
|    111982 |    4565    12626 |       0   18952   353691    18.7 |  0.283 % |
|    112083 |    4565    12626 |       0   19053   355894    18.7 |  0.283 % |
|    112284 |    4565    12626 |       0   19254   359757    18.7 |  0.283 % |
|    112385 |    4565    12626 |       0   19355   361688    18.7 |  0.283 % |
|    112485 |    4565    12626 |       0   19455   363896    18.7 |  0.283 % |
|    112685 |    4565    12626 |       0   19655   368752    18.8 |  0.283 % |
|    113088 |    4565    12626 |       0   20058   377371    18.8 |  0.283 % |
|    113888 |    4565    12626 |       0   20858   395387    19.0 |  0.283 % |
|    113988 |    4565    12626 |       0   20958   397424    19.0 |  0.283 % |
|    114089 |    4565    12626 |       0   21059   399403    19.0 |  0.283 % |
|    114289 |    4565    12626 |       0   21259   403880    19.0 |  0.283 % |
|    114390 |    4565    12626 |       0   21360   405783    19.0 |  0.283 % |
|    114490 |    4565    12626 |       0   21460   408056    19.0 |  0.283 % |
|    114690 |    4565    12626 |       0   21660   412106    19.0 |  0.283 % |
|    115093 |    4565    12626 |       0   11050   159784    14.5 |  0.283 % |
|    115193 |    4565    12626 |       0   11150   161519    14.5 |  0.283 % |
|    115293 |    4565    12626 |       0   11250   164412    14.6 |  0.283 % |
|    115493 |    4565    12626 |       0   11450   168624    14.7 |  0.283 % |
|    115594 |    4565    12626 |       0   11551   170865    14.8 |  0.283 % |
|    115694 |    4565    12626 |       0   11651   173408    14.9 |  0.283 % |
|    115894 |    4565    12626 |       0   11851   178255    15.0 |  0.283 % |
|    116295 |    4565    12626 |       0   12252   186268    15.2 |  0.283 % |
|    117095 |    4565    12626 |       0   13052   207699    15.9 |  0.283 % |
|    118695 |    4565    12626 |       0   14652   242485    16.5 |  0.283 % |
|    121896 |    4565    12626 |       0   17853   319818    17.9 |  0.283 % |
|    121996 |    4565    12626 |       0   17953   323778    18.0 |  0.283 % |
|    122097 |    4565    12626 |       0   18054   326308    18.1 |  0.283 % |
|    122297 |    4565    12626 |       0   18254   331487    18.2 |  0.283 % |
|    122399 |    4565    12626 |       0   18356   333500    18.2 |  0.283 % |
|    122499 |    4565    12626 |       0   18456   335131    18.2 |  0.283 % |
|    122699 |    4565    12626 |       0   18656   340825    18.3 |  0.283 % |
|    123103 |    4565    12626 |       0   19060   349691    18.3 |  0.283 % |
|    123206 |    4565    12626 |       0   19163   352346    18.4 |  0.283 % |
|    123310 |    4565    12626 |       0   19267   355058    18.4 |  0.283 % |
|    123513 |    4565    12626 |       0   19470   359190    18.4 |  0.283 % |
|    123613 |    4565    12626 |       0   19570   362102    18.5 |  0.283 % |
|    123713 |    4565    12626 |       0   19670   364139    18.5 |  0.283 % |
|    123913 |    4565    12626 |       0   19870   370269    18.6 |  0.283 % |
|    124314 |    4565    12626 |       0   20271   378300    18.7 |  0.283 % |
|    125117 |    4565    12626 |       0   21074   397551    18.9 |  0.283 % |
|    125217 |    4565    12626 |       0   21174   400115    18.9 |  0.283 % |
|    125318 |    4565    12626 |       0   21275   402182    18.9 |  0.283 % |
|    125519 |    4565    12626 |       0   21476   406366    18.9 |  0.283 % |
|    125619 |    4565    12626 |       0   21576   408612    18.9 |  0.283 % |
|    125722 |    4565    12626 |       0   21679   410984    19.0 |  0.283 % |
|    125922 |    4565    12626 |       0   21879   415777    19.0 |  0.283 % |
|    126322 |    4565    12626 |       0   22279   425285    19.1 |  0.283 % |
|    126425 |    4565    12626 |       0   22382   427746    19.1 |  0.283 % |
|    126526 |    4565    12626 |       0   22483   430165    19.1 |  0.283 % |
|    126726 |    4565    12626 |       0   22683   434259    19.1 |  0.283 % |
|    126826 |    4565    12626 |       0   22783   436505    19.2 |  0.283 % |
|    126927 |    4565    12626 |       0   22884   438638    19.2 |  0.283 % |
|    127128 |    4565    12626 |       0   11737   172366    14.7 |  0.283 % |
|    127531 |    4565    12626 |       0   12140   181294    14.9 |  0.283 % |
|    128334 |    4565    12626 |       0   12943   200365    15.5 |  0.283 % |
|    129936 |    4565    12626 |       0   14545   235174    16.2 |  0.283 % |
|    130038 |    4565    12626 |       0   14647   238038    16.3 |  0.283 % |
|    130140 |    4565    12626 |       0   14749   240056    16.3 |  0.283 % |
|    130342 |    4565    12626 |       0   14951   244064    16.3 |  0.283 % |
|    130446 |    4565    12626 |       0   15055   246660    16.4 |  0.283 % |
|    130546 |    4565    12626 |       0   15155   249343    16.5 |  0.283 % |
|    130746 |    4565    12626 |       0   15355   253641    16.5 |  0.283 % |
|    131147 |    4565    12626 |       0   15756   262641    16.7 |  0.283 % |
|    131247 |    4565    12626 |       0   15856   264782    16.7 |  0.283 % |
|    131347 |    4565    12626 |       0   15956   266903    16.7 |  0.283 % |
|    131547 |    4565    12626 |       0   16156   271213    16.8 |  0.283 % |
|    131648 |    4565    12626 |       0   16257   273354    16.8 |  0.283 % |
|    131749 |    4565    12626 |       0   16358   275312    16.8 |  0.283 % |
|    131950 |    4565    12626 |       0   16559   280226    16.9 |  0.283 % |
|    132350 |    4565    12626 |       0   16959   288345    17.0 |  0.285 % |
|    133150 |    4565    12626 |       0   17759   304130    17.1 |  0.283 % |
|    133250 |    4565    12626 |       0   17859   305765    17.1 |  0.283 % |
|    133355 |    4565    12626 |       0   17964   307730    17.1 |  0.283 % |
|    133555 |    4565    12626 |       0   18164   311477    17.1 |  0.283 % |
|    133655 |    4565    12626 |       0   18264   313539    17.2 |  0.283 % |
|    133756 |    4565    12626 |       0   18365   315894    17.2 |  0.283 % |
|    133956 |    4565    12626 |       0   18565   320845    17.3 |  0.283 % |
|    134356 |    4565    12626 |       0   18965   329457    17.4 |  0.283 % |
|    134456 |    4565    12626 |       0   19065   331539    17.4 |  0.283 % |
|    134556 |    4565    12626 |       0   19165   333249    17.4 |  0.283 % |
|    134756 |    4565    12626 |       0   19365   338343    17.5 |  0.283 % |
|    134857 |    4565    12626 |       0   19466   340827    17.5 |  0.283 % |
|    134957 |    4565    12626 |       0   19566   343584    17.6 |  0.283 % |
|    135157 |    4565    12626 |       0   19766   348599    17.6 |  0.283 % |
|    135558 |    4565    12626 |       0   20167   358351    17.8 |  0.283 % |
|    136358 |    4565    12626 |       0   20967   377330    18.0 |  0.283 % |
|    137958 |    4565    12626 |       0   22567   417370    18.5 |  0.283 % |
|    141159 |    4565    12626 |       0   13825   231769    16.8 |  0.283 % |
|    147559 |    4565    12626 |       0   20225   382955    18.9 |  0.283 % |
|    147659 |    4565    12626 |       0   20325   385031    18.9 |  0.283 % |
|    147759 |    4565    12626 |       0   20425   387103    19.0 |  0.283 % |
|    147959 |    4565    12626 |       0   20625   391891    19.0 |  0.283 % |
|    148059 |    4565    12626 |       0   20725   393962    19.0 |  0.283 % |
|    148160 |    4565    12626 |       0   20826   397176    19.1 |  0.283 % |
|    148362 |    4565    12626 |       0   21028   401682    19.1 |  0.283 % |
|    148763 |    4565    12626 |       0   21429   412205    19.2 |  0.283 % |
|    148863 |    4565    12626 |       0   21529   414436    19.3 |  0.283 % |
|    148964 |    4565    12626 |       0   21630   416816    19.3 |  0.283 % |
|    149166 |    4565    12626 |       0   21832   422375    19.3 |  0.283 % |
|    149267 |    4565    12626 |       0   21933   424462    19.4 |  0.283 % |
|    149367 |    4565    12626 |       0   22033   427139    19.4 |  0.283 % |
|    149569 |    4565    12626 |       0   22235   431544    19.4 |  0.283 % |
|    149969 |    4565    12626 |       0   22635   440810    19.5 |  0.283 % |
|    150769 |    4565    12626 |       0   23435   461299    19.7 |  0.283 % |
|    150871 |    4565    12626 |       0   23537   463235    19.7 |  0.283 % |
|    150973 |    4565    12626 |       0   23639   464733    19.7 |  0.283 % |
|    151174 |    4565    12626 |       0   23840   470015    19.7 |  0.286 % |
|    151274 |    4565    12626 |       0   23940   472161    19.7 |  0.286 % |
|    151374 |    4565    12626 |       0   24040   474317    19.7 |  0.283 % |
|    151575 |    4565    12626 |       0   24241   478334    19.7 |  0.283 % |
|    151976 |    4565    12626 |       0   24642   491113    19.9 |  0.286 % |
|    152078 |    4565    12626 |       0   24744   493354    19.9 |  0.286 % |
|    152179 |    4565    12626 |       0   24845   495863    20.0 |  0.286 % |
|    152381 |    4565    12626 |       0   12654   188880    14.9 |  0.286 % |
|    152481 |    4565    12626 |       0   12754   190809    15.0 |  0.286 % |
|    152581 |    4565    12626 |       0   12854   193921    15.1 |  0.286 % |
|    152782 |    4565    12626 |       0   13055   198450    15.2 |  0.286 % |
|    153182 |    4565    12626 |       0   13455   208514    15.5 |  0.283 % |
|    153984 |    4565    12626 |       0   14257   231961    16.3 |  0.283 % |
|    155584 |    4565    12626 |       0   15857   264421    16.7 |  0.286 % |
|    155684 |    4565    12626 |       0   15957   266627    16.7 |  0.283 % |
|    155784 |    4565    12626 |       0   16057   268675    16.7 |  0.286 % |
|    155985 |    4565    12626 |       0   16258   273603    16.8 |  0.283 % |
|    156086 |    4565    12626 |       0   16359   275747    16.9 |  0.283 % |
|    156189 |    4565    12626 |       0   16462   278318    16.9 |  0.286 % |
|    156391 |    4565    12626 |       0   16664   282455    17.0 |  0.286 % |
|    156792 |    4565    12626 |       0   17065   291214    17.1 |  0.286 % |
|    156893 |    4565    12626 |       0   17166   293361    17.1 |  0.283 % |
|    156994 |    4565    12626 |       0   17267   295524    17.1 |  0.283 % |
|    157194 |    4565    12626 |       0   17467   300306    17.2 |  0.283 % |
|    157295 |    4565    12626 |       0   17568   302726    17.2 |  0.283 % |
|    157397 |    4565    12626 |       0   17670   304871    17.3 |  0.283 % |
|    157597 |    4565    12626 |       0   17870   308511    17.3 |  0.286 % |
|    157997 |    4565    12626 |       0   18270   317155    17.4 |  0.283 % |
|    158801 |    4565    12626 |       0   19074   334094    17.5 |  0.283 % |
|    158903 |    4565    12626 |       0   19176   335376    17.5 |  0.286 % |
|    159004 |    4565    12626 |       0   19277   337331    17.5 |  0.286 % |
|    159208 |    4565    12626 |       0   19481   343261    17.6 |  0.283 % |
|    159308 |    4565    12626 |       0   19581   345554    17.6 |  0.286 % |
|    159409 |    4565    12626 |       0   19682   348386    17.7 |  0.286 % |
|    159609 |    4565    12626 |       0   19882   352657    17.7 |  0.283 % |
|    160009 |    4565    12626 |       0   20282   361805    17.8 |  0.283 % |
|    160109 |    4565    12626 |       0   20382   363511    17.8 |  0.283 % |
|    160209 |    4565    12626 |       0   20482   365729    17.9 |  0.283 % |
|    160410 |    4565    12626 |       0   20683   369958    17.9 |  0.286 % |
|    160510 |    4565    12626 |       0   20783   372327    17.9 |  0.286 % |
|    160611 |    4565    12626 |       0   20884   374795    17.9 |  0.283 % |
|    160812 |    4565    12626 |       0   21085   379401    18.0 |  0.283 % |
|    161213 |    4565    12626 |       0   21486   388847    18.1 |  0.286 % |
|    162013 |    4565    12626 |       0   22286   405908    18.2 |  0.283 % |
|    163615 |    4565    12626 |       0   23888   439722    18.4 |  0.283 % |
|    166817 |    4565    12626 |       0   14054   196801    14.0 |  0.287 % |
|    166917 |    4565    12626 |       0   14154   198939    14.1 |  0.287 % |
|    167018 |    4565    12626 |       0   14255   201041    14.1 |  0.283 % |
|    167220 |    4565    12626 |       0   14457   205840    14.2 |  0.283 % |
|    167321 |    4565    12626 |       0   14558   208354    14.3 |  0.283 % |
|    167421 |    4565    12626 |       0   14658   210135    14.3 |  0.283 % |
|    167623 |    4565    12626 |       0   14860   215209    14.5 |  0.283 % |
|    168023 |    4565    12626 |       0   15260   224034    14.7 |  0.283 % |
|    168125 |    4565    12626 |       0   15362   226443    14.7 |  0.287 % |
|    168227 |    4565    12626 |       0   15464   228516    14.8 |  0.287 % |
|    168428 |    4565    12626 |       0   15665   232465    14.8 |  0.285 % |
|    168528 |    4565    12626 |       0   15765   234236    14.9 |  0.283 % |
|    168629 |    4565    12626 |       0   15866   236324    14.9 |  0.285 % |
|    168829 |    4565    12626 |       0   16066   240473    15.0 |  0.285 % |
|    169229 |    4565    12626 |       0   16466   248468    15.1 |  0.287 % |
|    170029 |    4565    12626 |       0   17266   264989    15.3 |  0.285 % |
|    170130 |    4565    12626 |       0   17367   266695    15.4 |  0.283 % |
|    170230 |    4565    12626 |       0   17467   268010    15.3 |  0.287 % |
|    170431 |    4565    12626 |       0   17668   271314    15.4 |  0.283 % |
|    170531 |    4565    12626 |       0   17768   272760    15.4 |  0.283 % |
|    170633 |    4565    12626 |       0   17870   276657    15.5 |  0.283 % |
|    170834 |    4565    12626 |       0   18071   280842    15.5 |  0.283 % |
|    171237 |    4565    12626 |       0   18474   290151    15.7 |  0.283 % |
|    171337 |    4565    12626 |       0   18574   292536    15.7 |  0.283 % |
|    171437 |    4565    12626 |       0   18674   294208    15.8 |  0.283 % |
|    171637 |    4565    12626 |       0   18874   299631    15.9 |  0.283 % |
|    171739 |    4565    12626 |       0   18976   302016    15.9 |  0.283 % |
|    171839 |    4565    12626 |       0   19076   304235    15.9 |  0.283 % |
|    172041 |    4565    12626 |       0   19278   308021    16.0 |  0.283 % |
|    172441 |    4565    12626 |       0   19678   317298    16.1 |  0.283 % |
|    173245 |    4565    12626 |       0   20482   335310    16.4 |  0.283 % |
|    174846 |    4565    12626 |       0   22083   375725    17.0 |  0.283 % |
|    174947 |    4565    12626 |       0   22184   378503    17.1 |  0.283 % |
|    175049 |    4565    12626 |       0   22286   380726    17.1 |  0.283 % |
|    175249 |    4565    12626 |       0   22486   385763    17.2 |  0.283 % |
|    175349 |    4565    12626 |       0   22586   387891    17.2 |  0.283 % |
|    175451 |    4565    12626 |       0   22688   390939    17.2 |  0.283 % |
|    175651 |    4565    12626 |       0   22888   395346    17.3 |  0.283 % |
|    176051 |    4565    12626 |       0   23288   405168    17.4 |  0.283 % |
|    176152 |    4565    12626 |       0   23389   407116    17.4 |  0.283 % |
|    176253 |    4565    12626 |       0   23490   410056    17.5 |  0.283 % |
|    176454 |    4565    12626 |       0   23691   414943    17.5 |  0.283 % |
|    176554 |    4565    12626 |       0   23791   417319    17.5 |  0.283 % |
|    176656 |    4565    12626 |       0   23893   419329    17.6 |  0.283 % |
|    176858 |    4565    12626 |       0   24095   424087    17.6 |  0.283 % |
|    177258 |    4565    12626 |       0   24495   432932    17.7 |  0.283 % |
|    178059 |    4565    12626 |       0   25296   452034    17.9 |  0.283 % |
|    178159 |    4565    12626 |       0   25396   454433    17.9 |  0.283 % |
|    178259 |    4565    12626 |       0   25496   456116    17.9 |  0.283 % |
|    178459 |    4565    12626 |       0   25696   461349    18.0 |  0.283 % |
|    178560 |    4565    12626 |       0   25797   463597    18.0 |  0.283 % |
|    178660 |    4565    12626 |       0   25897   465506    18.0 |  0.283 % |
|    178860 |    4565    12626 |       0   26097   469320    18.0 |  0.283 % |
|    179260 |    4565    12626 |       0   26497   480441    18.1 |  0.283 % |
|    179361 |    4565    12626 |       0   26598   482735    18.1 |  0.283 % |
|    179461 |    4565    12626 |       0   26698   485006    18.2 |  0.283 % |
|    179662 |    4565    12626 |       0   26899   489446    18.2 |  0.283 % |
|    179762 |    4565    12626 |       0   26999   491562    18.2 |  0.283 % |
|    179863 |    4565    12626 |       0   13750   191950    14.0 |  0.283 % |
|    180065 |    4565    12626 |       0   13952   196903    14.1 |  0.283 % |
|    180466 |    4565    12626 |       0   14353   206257    14.4 |  0.283 % |
|    181267 |    4565    12626 |       0   15154   222492    14.7 |  0.283 % |
|    182869 |    4565    12626 |       0   16756   268200    16.0 |  0.283 % |
|    186070 |    4565    12626 |       0   19957   335269    16.8 |  0.283 % |
|    192470 |    4565    12626 |       0   26357   470622    17.9 |  0.283 % |
|    205272 |    4565    12626 |       0   25035   474660    19.0 |  0.284 % |
|    230872 |    4565    12626 |       0   21292   324282    15.2 |  1.790 % |
|    230972 |    4565    12626 |       0   21392   326544    15.3 |  1.789 % |
|    231075 |    4565    12626 |       0   21495   328782    15.3 |  1.789 % |
|    231276 |    4565    12626 |       0   21696   332648    15.3 |  1.789 % |
|    231376 |    4565    12626 |       0   21796   333821    15.3 |  1.789 % |
|    231477 |    4565    12626 |       0   21897   335401    15.3 |  1.789 % |
|    231677 |    4565    12626 |       0   22097   341839    15.5 |  1.789 % |
|    232077 |    4565    12626 |       0   22497   349348    15.5 |  1.789 % |
|    232178 |    4565    12626 |       0   22598   351417    15.6 |  1.789 % |
|    232278 |    4565    12626 |       0   22698   353032    15.6 |  1.789 % |
|    232478 |    4565    12626 |       0   22898   357964    15.6 |  1.789 % |
|    232578 |    4565    12626 |       0   22998   361216    15.7 |  1.789 % |
|    232678 |    4565    12626 |       0   23098   363848    15.8 |  1.789 % |
|    232878 |    4565    12626 |       0   23298   367988    15.8 |  1.789 % |
|    233278 |    4565    12626 |       0   23698   377470    15.9 |  1.789 % |
|    234078 |    4565    12626 |       0   24498   394471    16.1 |  1.790 % |
|    234179 |    4565    12626 |       0   24599   396753    16.1 |  1.789 % |
|    234279 |    4565    12626 |       0   24699   398629    16.1 |  1.789 % |
|    234479 |    4565    12626 |       0   24899   403789    16.2 |  1.789 % |
|    234582 |    4565    12626 |       0   25002   405537    16.2 |  1.789 % |
|    234682 |    4565    12626 |       0   25102   407753    16.2 |  1.790 % |
|    234885 |    4565    12626 |       0   25305   412125    16.3 |  1.790 % |
|    235285 |    4565    12626 |       0   25705   422973    16.5 |  1.789 % |
|    235386 |    4565    12626 |       0   25806   424809    16.5 |  1.790 % |
|    235486 |    4565    12626 |       0   25906   427317    16.5 |  1.789 % |
|    235687 |    4565    12626 |       0   26107   431259    16.5 |  1.790 % |
|    235787 |    4565    12626 |       0   26207   433552    16.5 |  1.790 % |
|    235887 |    4565    12626 |       0   26307   435678    16.6 |  1.789 % |
|    236090 |    4565    12626 |       0   26510   438996    16.6 |  1.790 % |
|    236491 |    4565    12626 |       0   26911   446030    16.6 |  1.789 % |
|    237291 |    4565    12626 |       0   27711   468747    16.9 |  1.789 % |
|    238891 |    4565    12626 |       0   29311   503398    17.2 |  1.789 % |
|    238991 |    4565    12626 |       0   29411   504953    17.2 |  1.789 % |
|    239091 |    4565    12626 |       0   29511   507649    17.2 |  1.789 % |
|    239291 |    4565    12626 |       0   29711   511339    17.2 |  1.789 % |
|    239394 |    4565    12626 |       0   29814   513428    17.2 |  1.790 % |
|    239494 |    4565    12626 |       0   29914   515531    17.2 |  1.790 % |
|    239695 |    4565    12626 |       0   30115   518835    17.2 |  1.789 % |
|    240096 |    4565    12626 |       0   30516   526236    17.2 |  1.791 % |
|    240197 |    4565    12626 |       0   30617   528255    17.3 |  1.792 % |
|    240298 |    4565    12626 |       0   30718   530392    17.3 |  1.789 % |
|    240498 |    4565    12626 |       0   30918   533261    17.2 |  1.793 % |
|    240598 |    4565    12626 |       0   15985   165055    10.3 |  1.793 % |
|    240699 |    4565    12626 |       0   16086   167030    10.4 |  1.790 % |
|    240900 |    4565    12626 |       0   16287   170632    10.5 |  1.792 % |
|    241301 |    4565    12626 |       0   16688   180612    10.8 |  1.795 % |
|    242101 |    4565    12626 |       0   17488   196201    11.2 |  1.789 % |
|    242201 |    4565    12626 |       0   17588   198030    11.3 |  1.795 % |
|    242302 |    4565    12626 |       0   17689   199901    11.3 |  1.795 % |
|    242502 |    4565    12626 |       0   17889   203208    11.4 |  1.789 % |
|    242603 |    4565    12626 |       0   17990   205317    11.4 |  1.789 % |
|    242703 |    4565    12626 |       0   18090   207080    11.4 |  1.789 % |
|    242903 |    4565    12626 |       0   18290   211751    11.6 |  1.795 % |
|    243304 |    4565    12626 |       0   18691   218572    11.7 |  1.795 % |
|    243406 |    4565    12626 |       0   18793   220351    11.7 |  1.795 % |
|    243509 |    4565    12626 |       0   18896   221785    11.7 |  1.789 % |
|    243709 |    4565    12626 |       0   19096   224470    11.8 |  1.797 % |
|    243809 |    4565    12626 |       0   19196   226416    11.8 |  1.796 % |
|    243913 |    4565    12626 |       0   19300   228526    11.8 |  1.790 % |
|    244114 |    4565    12626 |       0   19501   232380    11.9 |  1.790 % |
|    244514 |    4565    12626 |       0   19899   238189    12.0 |  7.722 % |
==============================================================================
starts        :              572
conflicts     :           244596
decisions     :           409767
propagations  :         40097554
UNSATISFIABLE  Time =    12.72 sec
