p cnf 157 4428
-1 2 0
-1 -3 0
-1 4 0
-1 5 0
-1 -6 0
-1 7 0
-1 -8 0
-1 -9 0
-1 10 0
-1 11 0
-1 -12 0
-1 -13 0
-1 14 0
-1 -15 0
-1 -16 0
-1 17 0
-1 18 0
-1 19 0
-1 -20 0
-1 21 0
-1 -22 0
-1 23 0
-1 24 0
-1 25 0
-1 26 0
-1 27 0
-1 28 0
-1 -29 0
-1 -30 0
-1 -31 0
-1 32 0
-1 33 0
-34 35 0
-34 -36 0
-34 37 0
-34 38 0
-34 -39 0
-34 40 0
-34 -41 0
-34 -42 0
-34 43 0
-34 44 0
-34 -45 0
-34 -46 0
-34 47 0
-34 -48 0
-34 -49 0
-34 50 0
-34 51 0
-34 52 0
-34 -53 0
-34 54 0
-34 -55 0
-34 56 0
-34 57 0
-34 58 0
-34 59 0
-34 60 0
-34 61 0
-34 -62 0
-34 -63 0
-34 -64 0
-34 65 0
-34 66 0
-67 68 0
-67 -69 0
-67 70 0
-67 71 0
-67 -72 0
-67 73 0
-67 -74 0
-67 -75 0
-67 76 0
-67 77 0
-67 -78 0
-67 -79 0
-67 80 0
-67 -81 0
-67 -82 0
-67 83 0
-67 84 0
-67 85 0
-67 -86 0
-67 87 0
-67 -88 0
-67 89 0
-67 90 0
-67 91 0
-67 92 0
-67 93 0
-67 94 0
-67 -95 0
-67 -96 0
-67 -97 0
-67 98 0
-67 99 0
1 34 67 0
100 101 102 103 104 105 106 107 108 109 0
110 111 112 113 114 115 116 117 118 119 120 121 122 123 124 0
125 126 127 128 129 130 131 132 133 134 135 136 137 138 139 140 141 142 143 144 145 0
-100 2 -146 0
-100 -2 146 0
-100 3 -148 0
-100 -3 148 0
-100 4 -147 0
-100 -4 147 0
-100 5 -149 0
-100 -5 149 0
-100 6 -146 0
-100 -6 146 0
-100 7 -148 0
-100 -7 148 0
-100 8 -147 0
-100 -8 147 0
-100 9 -149 0
-100 -9 149 0
-100 10 -146 0
-100 -10 146 0
-100 11 -148 0
-100 -11 148 0
-100 12 -147 0
-100 -12 147 0
-100 13 -149 0
-100 -13 149 0
-100 14 -146 0
-100 -14 146 0
-100 15 -148 0
-100 -15 148 0
-100 16 -147 0
-100 -16 147 0
-100 17 -149 0
-100 -17 149 0
-100 18 -146 0
-100 -18 146 0
-100 19 -148 0
-100 -19 148 0
-100 20 -147 0
-100 -20 147 0
-100 21 -149 0
-100 -21 149 0
-100 22 -146 0
-100 -22 146 0
-100 23 -148 0
-100 -23 148 0
-100 24 -147 0
-100 -24 147 0
-100 25 -149 0
-100 -25 149 0
-100 26 -146 0
-100 -26 146 0
-100 27 -148 0
-100 -27 148 0
-100 28 -147 0
-100 -28 147 0
-100 29 -149 0
-100 -29 149 0
-100 30 -146 0
-100 -30 146 0
-100 31 -148 0
-100 -31 148 0
-100 32 -147 0
-100 -32 147 0
-100 33 -149 0
-100 -33 149 0
-101 2 -146 0
-101 -2 146 0
-101 3 -148 0
-101 -3 148 0
-101 4 -146 0
-101 -4 146 0
-101 5 -148 0
-101 -5 148 0
-101 6 -147 0
-101 -6 147 0
-101 7 -149 0
-101 -7 149 0
-101 8 -147 0
-101 -8 147 0
-101 9 -149 0
-101 -9 149 0
-101 10 -146 0
-101 -10 146 0
-101 11 -148 0
-101 -11 148 0
-101 12 -146 0
-101 -12 146 0
-101 13 -148 0
-101 -13 148 0
-101 14 -147 0
-101 -14 147 0
-101 15 -149 0
-101 -15 149 0
-101 16 -147 0
-101 -16 147 0
-101 17 -149 0
-101 -17 149 0
-101 18 -146 0
-101 -18 146 0
-101 19 -148 0
-101 -19 148 0
-101 20 -146 0
-101 -20 146 0
-101 21 -148 0
-101 -21 148 0
-101 22 -147 0
-101 -22 147 0
-101 23 -149 0
-101 -23 149 0
-101 24 -147 0
-101 -24 147 0
-101 25 -149 0
-101 -25 149 0
-101 26 -146 0
-101 -26 146 0
-101 27 -148 0
-101 -27 148 0
-101 28 -146 0
-101 -28 146 0
-101 29 -148 0
-101 -29 148 0
-101 30 -147 0
-101 -30 147 0
-101 31 -149 0
-101 -31 149 0
-101 32 -147 0
-101 -32 147 0
-101 33 -149 0
-101 -33 149 0
-102 2 -146 0
-102 -2 146 0
-102 3 -146 0
-102 -3 146 0
-102 4 -148 0
-102 -4 148 0
-102 5 -148 0
-102 -5 148 0
-102 6 -147 0
-102 -6 147 0
-102 7 -147 0
-102 -7 147 0
-102 8 -149 0
-102 -8 149 0
-102 9 -149 0
-102 -9 149 0
-102 10 -146 0
-102 -10 146 0
-102 11 -146 0
-102 -11 146 0
-102 12 -148 0
-102 -12 148 0
-102 13 -148 0
-102 -13 148 0
-102 14 -147 0
-102 -14 147 0
-102 15 -147 0
-102 -15 147 0
-102 16 -149 0
-102 -16 149 0
-102 17 -149 0
-102 -17 149 0
-102 18 -146 0
-102 -18 146 0
-102 19 -146 0
-102 -19 146 0
-102 20 -148 0
-102 -20 148 0
-102 21 -148 0
-102 -21 148 0
-102 22 -147 0
-102 -22 147 0
-102 23 -147 0
-102 -23 147 0
-102 24 -149 0
-102 -24 149 0
-102 25 -149 0
-102 -25 149 0
-102 26 -146 0
-102 -26 146 0
-102 27 -146 0
-102 -27 146 0
-102 28 -148 0
-102 -28 148 0
-102 29 -148 0
-102 -29 148 0
-102 30 -147 0
-102 -30 147 0
-102 31 -147 0
-102 -31 147 0
-102 32 -149 0
-102 -32 149 0
-102 33 -149 0
-102 -33 149 0
-103 2 -146 0
-103 -2 146 0
-103 3 -148 0
-103 -3 148 0
-103 4 -146 0
-103 -4 146 0
-103 5 -148 0
-103 -5 148 0
-103 6 -146 0
-103 -6 146 0
-103 7 -148 0
-103 -7 148 0
-103 8 -146 0
-103 -8 146 0
-103 9 -148 0
-103 -9 148 0
-103 10 -147 0
-103 -10 147 0
-103 11 -149 0
-103 -11 149 0
-103 12 -147 0
-103 -12 147 0
-103 13 -149 0
-103 -13 149 0
-103 14 -147 0
-103 -14 147 0
-103 15 -149 0
-103 -15 149 0
-103 16 -147 0
-103 -16 147 0
-103 17 -149 0
-103 -17 149 0
-103 18 -146 0
-103 -18 146 0
-103 19 -148 0
-103 -19 148 0
-103 20 -146 0
-103 -20 146 0
-103 21 -148 0
-103 -21 148 0
-103 22 -146 0
-103 -22 146 0
-103 23 -148 0
-103 -23 148 0
-103 24 -146 0
-103 -24 146 0
-103 25 -148 0
-103 -25 148 0
-103 26 -147 0
-103 -26 147 0
-103 27 -149 0
-103 -27 149 0
-103 28 -147 0
-103 -28 147 0
-103 29 -149 0
-103 -29 149 0
-103 30 -147 0
-103 -30 147 0
-103 31 -149 0
-103 -31 149 0
-103 32 -147 0
-103 -32 147 0
-103 33 -149 0
-103 -33 149 0
-104 2 -146 0
-104 -2 146 0
-104 3 -146 0
-104 -3 146 0
-104 4 -148 0
-104 -4 148 0
-104 5 -148 0
-104 -5 148 0
-104 6 -146 0
-104 -6 146 0
-104 7 -146 0
-104 -7 146 0
-104 8 -148 0
-104 -8 148 0
-104 9 -148 0
-104 -9 148 0
-104 10 -147 0
-104 -10 147 0
-104 11 -147 0
-104 -11 147 0
-104 12 -149 0
-104 -12 149 0
-104 13 -149 0
-104 -13 149 0
-104 14 -147 0
-104 -14 147 0
-104 15 -147 0
-104 -15 147 0
-104 16 -149 0
-104 -16 149 0
-104 17 -149 0
-104 -17 149 0
-104 18 -146 0
-104 -18 146 0
-104 19 -146 0
-104 -19 146 0
-104 20 -148 0
-104 -20 148 0
-104 21 -148 0
-104 -21 148 0
-104 22 -146 0
-104 -22 146 0
-104 23 -146 0
-104 -23 146 0
-104 24 -148 0
-104 -24 148 0
-104 25 -148 0
-104 -25 148 0
-104 26 -147 0
-104 -26 147 0
-104 27 -147 0
-104 -27 147 0
-104 28 -149 0
-104 -28 149 0
-104 29 -149 0
-104 -29 149 0
-104 30 -147 0
-104 -30 147 0
-104 31 -147 0
-104 -31 147 0
-104 32 -149 0
-104 -32 149 0
-104 33 -149 0
-104 -33 149 0
-105 2 -146 0
-105 -2 146 0
-105 3 -146 0
-105 -3 146 0
-105 4 -146 0
-105 -4 146 0
-105 5 -146 0
-105 -5 146 0
-105 6 -148 0
-105 -6 148 0
-105 7 -148 0
-105 -7 148 0
-105 8 -148 0
-105 -8 148 0
-105 9 -148 0
-105 -9 148 0
-105 10 -147 0
-105 -10 147 0
-105 11 -147 0
-105 -11 147 0
-105 12 -147 0
-105 -12 147 0
-105 13 -147 0
-105 -13 147 0
-105 14 -149 0
-105 -14 149 0
-105 15 -149 0
-105 -15 149 0
-105 16 -149 0
-105 -16 149 0
-105 17 -149 0
-105 -17 149 0
-105 18 -146 0
-105 -18 146 0
-105 19 -146 0
-105 -19 146 0
-105 20 -146 0
-105 -20 146 0
-105 21 -146 0
-105 -21 146 0
-105 22 -148 0
-105 -22 148 0
-105 23 -148 0
-105 -23 148 0
-105 24 -148 0
-105 -24 148 0
-105 25 -148 0
-105 -25 148 0
-105 26 -147 0
-105 -26 147 0
-105 27 -147 0
-105 -27 147 0
-105 28 -147 0
-105 -28 147 0
-105 29 -147 0
-105 -29 147 0
-105 30 -149 0
-105 -30 149 0
-105 31 -149 0
-105 -31 149 0
-105 32 -149 0
-105 -32 149 0
-105 33 -149 0
-105 -33 149 0
-106 2 -146 0
-106 -2 146 0
-106 3 -148 0
-106 -3 148 0
-106 4 -146 0
-106 -4 146 0
-106 5 -148 0
-106 -5 148 0
-106 6 -146 0
-106 -6 146 0
-106 7 -148 0
-106 -7 148 0
-106 8 -146 0
-106 -8 146 0
-106 9 -148 0
-106 -9 148 0
-106 10 -146 0
-106 -10 146 0
-106 11 -148 0
-106 -11 148 0
-106 12 -146 0
-106 -12 146 0
-106 13 -148 0
-106 -13 148 0
-106 14 -146 0
-106 -14 146 0
-106 15 -148 0
-106 -15 148 0
-106 16 -146 0
-106 -16 146 0
-106 17 -148 0
-106 -17 148 0
-106 18 -147 0
-106 -18 147 0
-106 19 -149 0
-106 -19 149 0
-106 20 -147 0
-106 -20 147 0
-106 21 -149 0
-106 -21 149 0
-106 22 -147 0
-106 -22 147 0
-106 23 -149 0
-106 -23 149 0
-106 24 -147 0
-106 -24 147 0
-106 25 -149 0
-106 -25 149 0
-106 26 -147 0
-106 -26 147 0
-106 27 -149 0
-106 -27 149 0
-106 28 -147 0
-106 -28 147 0
-106 29 -149 0
-106 -29 149 0
-106 30 -147 0
-106 -30 147 0
-106 31 -149 0
-106 -31 149 0
-106 32 -147 0
-106 -32 147 0
-106 33 -149 0
-106 -33 149 0
-107 2 -146 0
-107 -2 146 0
-107 3 -146 0
-107 -3 146 0
-107 4 -148 0
-107 -4 148 0
-107 5 -148 0
-107 -5 148 0
-107 6 -146 0
-107 -6 146 0
-107 7 -146 0
-107 -7 146 0
-107 8 -148 0
-107 -8 148 0
-107 9 -148 0
-107 -9 148 0
-107 10 -146 0
-107 -10 146 0
-107 11 -146 0
-107 -11 146 0
-107 12 -148 0
-107 -12 148 0
-107 13 -148 0
-107 -13 148 0
-107 14 -146 0
-107 -14 146 0
-107 15 -146 0
-107 -15 146 0
-107 16 -148 0
-107 -16 148 0
-107 17 -148 0
-107 -17 148 0
-107 18 -147 0
-107 -18 147 0
-107 19 -147 0
-107 -19 147 0
-107 20 -149 0
-107 -20 149 0
-107 21 -149 0
-107 -21 149 0
-107 22 -147 0
-107 -22 147 0
-107 23 -147 0
-107 -23 147 0
-107 24 -149 0
-107 -24 149 0
-107 25 -149 0
-107 -25 149 0
-107 26 -147 0
-107 -26 147 0
-107 27 -147 0
-107 -27 147 0
-107 28 -149 0
-107 -28 149 0
-107 29 -149 0
-107 -29 149 0
-107 30 -147 0
-107 -30 147 0
-107 31 -147 0
-107 -31 147 0
-107 32 -149 0
-107 -32 149 0
-107 33 -149 0
-107 -33 149 0
-108 2 -146 0
-108 -2 146 0
-108 3 -146 0
-108 -3 146 0
-108 4 -146 0
-108 -4 146 0
-108 5 -146 0
-108 -5 146 0
-108 6 -148 0
-108 -6 148 0
-108 7 -148 0
-108 -7 148 0
-108 8 -148 0
-108 -8 148 0
-108 9 -148 0
-108 -9 148 0
-108 10 -146 0
-108 -10 146 0
-108 11 -146 0
-108 -11 146 0
-108 12 -146 0
-108 -12 146 0
-108 13 -146 0
-108 -13 146 0
-108 14 -148 0
-108 -14 148 0
-108 15 -148 0
-108 -15 148 0
-108 16 -148 0
-108 -16 148 0
-108 17 -148 0
-108 -17 148 0
-108 18 -147 0
-108 -18 147 0
-108 19 -147 0
-108 -19 147 0
-108 20 -147 0
-108 -20 147 0
-108 21 -147 0
-108 -21 147 0
-108 22 -149 0
-108 -22 149 0
-108 23 -149 0
-108 -23 149 0
-108 24 -149 0
-108 -24 149 0
-108 25 -149 0
-108 -25 149 0
-108 26 -147 0
-108 -26 147 0
-108 27 -147 0
-108 -27 147 0
-108 28 -147 0
-108 -28 147 0
-108 29 -147 0
-108 -29 147 0
-108 30 -149 0
-108 -30 149 0
-108 31 -149 0
-108 -31 149 0
-108 32 -149 0
-108 -32 149 0
-108 33 -149 0
-108 -33 149 0
-109 2 -146 0
-109 -2 146 0
-109 3 -146 0
-109 -3 146 0
-109 4 -146 0
-109 -4 146 0
-109 5 -146 0
-109 -5 146 0
-109 6 -146 0
-109 -6 146 0
-109 7 -146 0
-109 -7 146 0
-109 8 -146 0
-109 -8 146 0
-109 9 -146 0
-109 -9 146 0
-109 10 -148 0
-109 -10 148 0
-109 11 -148 0
-109 -11 148 0
-109 12 -148 0
-109 -12 148 0
-109 13 -148 0
-109 -13 148 0
-109 14 -148 0
-109 -14 148 0
-109 15 -148 0
-109 -15 148 0
-109 16 -148 0
-109 -16 148 0
-109 17 -148 0
-109 -17 148 0
-109 18 -147 0
-109 -18 147 0
-109 19 -147 0
-109 -19 147 0
-109 20 -147 0
-109 -20 147 0
-109 21 -147 0
-109 -21 147 0
-109 22 -147 0
-109 -22 147 0
-109 23 -147 0
-109 -23 147 0
-109 24 -147 0
-109 -24 147 0
-109 25 -147 0
-109 -25 147 0
-109 26 -149 0
-109 -26 149 0
-109 27 -149 0
-109 -27 149 0
-109 28 -149 0
-109 -28 149 0
-109 29 -149 0
-109 -29 149 0
-109 30 -149 0
-109 -30 149 0
-109 31 -149 0
-109 -31 149 0
-109 32 -149 0
-109 -32 149 0
-109 33 -149 0
-109 -33 149 0
-110 35 -150 0
-110 -35 150 0
-110 36 -152 0
-110 -36 152 0
-110 37 -151 0
-110 -37 151 0
-110 38 -153 0
-110 -38 153 0
-110 39 -150 0
-110 -39 150 0
-110 40 -152 0
-110 -40 152 0
-110 41 -151 0
-110 -41 151 0
-110 42 -153 0
-110 -42 153 0
-110 43 -150 0
-110 -43 150 0
-110 44 -152 0
-110 -44 152 0
-110 45 -151 0
-110 -45 151 0
-110 46 -153 0
-110 -46 153 0
-110 47 -150 0
-110 -47 150 0
-110 48 -152 0
-110 -48 152 0
-110 49 -151 0
-110 -49 151 0
-110 50 -153 0
-110 -50 153 0
-110 51 -150 0
-110 -51 150 0
-110 52 -152 0
-110 -52 152 0
-110 53 -151 0
-110 -53 151 0
-110 54 -153 0
-110 -54 153 0
-110 55 -150 0
-110 -55 150 0
-110 56 -152 0
-110 -56 152 0
-110 57 -151 0
-110 -57 151 0
-110 58 -153 0
-110 -58 153 0
-110 59 -150 0
-110 -59 150 0
-110 60 -152 0
-110 -60 152 0
-110 61 -151 0
-110 -61 151 0
-110 62 -153 0
-110 -62 153 0
-110 63 -150 0
-110 -63 150 0
-110 64 -152 0
-110 -64 152 0
-110 65 -151 0
-110 -65 151 0
-110 66 -153 0
-110 -66 153 0
-111 35 -150 0
-111 -35 150 0
-111 36 -152 0
-111 -36 152 0
-111 37 -150 0
-111 -37 150 0
-111 38 -152 0
-111 -38 152 0
-111 39 -151 0
-111 -39 151 0
-111 40 -153 0
-111 -40 153 0
-111 41 -151 0
-111 -41 151 0
-111 42 -153 0
-111 -42 153 0
-111 43 -150 0
-111 -43 150 0
-111 44 -152 0
-111 -44 152 0
-111 45 -150 0
-111 -45 150 0
-111 46 -152 0
-111 -46 152 0
-111 47 -151 0
-111 -47 151 0
-111 48 -153 0
-111 -48 153 0
-111 49 -151 0
-111 -49 151 0
-111 50 -153 0
-111 -50 153 0
-111 51 -150 0
-111 -51 150 0
-111 52 -152 0
-111 -52 152 0
-111 53 -150 0
-111 -53 150 0
-111 54 -152 0
-111 -54 152 0
-111 55 -151 0
-111 -55 151 0
-111 56 -153 0
-111 -56 153 0
-111 57 -151 0
-111 -57 151 0
-111 58 -153 0
-111 -58 153 0
-111 59 -150 0
-111 -59 150 0
-111 60 -152 0
-111 -60 152 0
-111 61 -150 0
-111 -61 150 0
-111 62 -152 0
-111 -62 152 0
-111 63 -151 0
-111 -63 151 0
-111 64 -153 0
-111 -64 153 0
-111 65 -151 0
-111 -65 151 0
-111 66 -153 0
-111 -66 153 0
-112 35 -150 0
-112 -35 150 0
-112 36 -150 0
-112 -36 150 0
-112 37 -152 0
-112 -37 152 0
-112 38 -152 0
-112 -38 152 0
-112 39 -151 0
-112 -39 151 0
-112 40 -151 0
-112 -40 151 0
-112 41 -153 0
-112 -41 153 0
-112 42 -153 0
-112 -42 153 0
-112 43 -150 0
-112 -43 150 0
-112 44 -150 0
-112 -44 150 0
-112 45 -152 0
-112 -45 152 0
-112 46 -152 0
-112 -46 152 0
-112 47 -151 0
-112 -47 151 0
-112 48 -151 0
-112 -48 151 0
-112 49 -153 0
-112 -49 153 0
-112 50 -153 0
-112 -50 153 0
-112 51 -150 0
-112 -51 150 0
-112 52 -150 0
-112 -52 150 0
-112 53 -152 0
-112 -53 152 0
-112 54 -152 0
-112 -54 152 0
-112 55 -151 0
-112 -55 151 0
-112 56 -151 0
-112 -56 151 0
-112 57 -153 0
-112 -57 153 0
-112 58 -153 0
-112 -58 153 0
-112 59 -150 0
-112 -59 150 0
-112 60 -150 0
-112 -60 150 0
-112 61 -152 0
-112 -61 152 0
-112 62 -152 0
-112 -62 152 0
-112 63 -151 0
-112 -63 151 0
-112 64 -151 0
-112 -64 151 0
-112 65 -153 0
-112 -65 153 0
-112 66 -153 0
-112 -66 153 0
-113 35 -150 0
-113 -35 150 0
-113 36 -152 0
-113 -36 152 0
-113 37 -150 0
-113 -37 150 0
-113 38 -152 0
-113 -38 152 0
-113 39 -150 0
-113 -39 150 0
-113 40 -152 0
-113 -40 152 0
-113 41 -150 0
-113 -41 150 0
-113 42 -152 0
-113 -42 152 0
-113 43 -151 0
-113 -43 151 0
-113 44 -153 0
-113 -44 153 0
-113 45 -151 0
-113 -45 151 0
-113 46 -153 0
-113 -46 153 0
-113 47 -151 0
-113 -47 151 0
-113 48 -153 0
-113 -48 153 0
-113 49 -151 0
-113 -49 151 0
-113 50 -153 0
-113 -50 153 0
-113 51 -150 0
-113 -51 150 0
-113 52 -152 0
-113 -52 152 0
-113 53 -150 0
-113 -53 150 0
-113 54 -152 0
-113 -54 152 0
-113 55 -150 0
-113 -55 150 0
-113 56 -152 0
-113 -56 152 0
-113 57 -150 0
-113 -57 150 0
-113 58 -152 0
-113 -58 152 0
-113 59 -151 0
-113 -59 151 0
-113 60 -153 0
-113 -60 153 0
-113 61 -151 0
-113 -61 151 0
-113 62 -153 0
-113 -62 153 0
-113 63 -151 0
-113 -63 151 0
-113 64 -153 0
-113 -64 153 0
-113 65 -151 0
-113 -65 151 0
-113 66 -153 0
-113 -66 153 0
-114 35 -150 0
-114 -35 150 0
-114 36 -150 0
-114 -36 150 0
-114 37 -152 0
-114 -37 152 0
-114 38 -152 0
-114 -38 152 0
-114 39 -150 0
-114 -39 150 0
-114 40 -150 0
-114 -40 150 0
-114 41 -152 0
-114 -41 152 0
-114 42 -152 0
-114 -42 152 0
-114 43 -151 0
-114 -43 151 0
-114 44 -151 0
-114 -44 151 0
-114 45 -153 0
-114 -45 153 0
-114 46 -153 0
-114 -46 153 0
-114 47 -151 0
-114 -47 151 0
-114 48 -151 0
-114 -48 151 0
-114 49 -153 0
-114 -49 153 0
-114 50 -153 0
-114 -50 153 0
-114 51 -150 0
-114 -51 150 0
-114 52 -150 0
-114 -52 150 0
-114 53 -152 0
-114 -53 152 0
-114 54 -152 0
-114 -54 152 0
-114 55 -150 0
-114 -55 150 0
-114 56 -150 0
-114 -56 150 0
-114 57 -152 0
-114 -57 152 0
-114 58 -152 0
-114 -58 152 0
-114 59 -151 0
-114 -59 151 0
-114 60 -151 0
-114 -60 151 0
-114 61 -153 0
-114 -61 153 0
-114 62 -153 0
-114 -62 153 0
-114 63 -151 0
-114 -63 151 0
-114 64 -151 0
-114 -64 151 0
-114 65 -153 0
-114 -65 153 0
-114 66 -153 0
-114 -66 153 0
-115 35 -150 0
-115 -35 150 0
-115 36 -150 0
-115 -36 150 0
-115 37 -150 0
-115 -37 150 0
-115 38 -150 0
-115 -38 150 0
-115 39 -152 0
-115 -39 152 0
-115 40 -152 0
-115 -40 152 0
-115 41 -152 0
-115 -41 152 0
-115 42 -152 0
-115 -42 152 0
-115 43 -151 0
-115 -43 151 0
-115 44 -151 0
-115 -44 151 0
-115 45 -151 0
-115 -45 151 0
-115 46 -151 0
-115 -46 151 0
-115 47 -153 0
-115 -47 153 0
-115 48 -153 0
-115 -48 153 0
-115 49 -153 0
-115 -49 153 0
-115 50 -153 0
-115 -50 153 0
-115 51 -150 0
-115 -51 150 0
-115 52 -150 0
-115 -52 150 0
-115 53 -150 0
-115 -53 150 0
-115 54 -150 0
-115 -54 150 0
-115 55 -152 0
-115 -55 152 0
-115 56 -152 0
-115 -56 152 0
-115 57 -152 0
-115 -57 152 0
-115 58 -152 0
-115 -58 152 0
-115 59 -151 0
-115 -59 151 0
-115 60 -151 0
-115 -60 151 0
-115 61 -151 0
-115 -61 151 0
-115 62 -151 0
-115 -62 151 0
-115 63 -153 0
-115 -63 153 0
-115 64 -153 0
-115 -64 153 0
-115 65 -153 0
-115 -65 153 0
-115 66 -153 0
-115 -66 153 0
-116 35 -150 0
-116 -35 150 0
-116 36 -152 0
-116 -36 152 0
-116 37 -150 0
-116 -37 150 0
-116 38 -152 0
-116 -38 152 0
-116 39 -150 0
-116 -39 150 0
-116 40 -152 0
-116 -40 152 0
-116 41 -150 0
-116 -41 150 0
-116 42 -152 0
-116 -42 152 0
-116 43 -150 0
-116 -43 150 0
-116 44 -152 0
-116 -44 152 0
-116 45 -150 0
-116 -45 150 0
-116 46 -152 0
-116 -46 152 0
-116 47 -150 0
-116 -47 150 0
-116 48 -152 0
-116 -48 152 0
-116 49 -150 0
-116 -49 150 0
-116 50 -152 0
-116 -50 152 0
-116 51 -151 0
-116 -51 151 0
-116 52 -153 0
-116 -52 153 0
-116 53 -151 0
-116 -53 151 0
-116 54 -153 0
-116 -54 153 0
-116 55 -151 0
-116 -55 151 0
-116 56 -153 0
-116 -56 153 0
-116 57 -151 0
-116 -57 151 0
-116 58 -153 0
-116 -58 153 0
-116 59 -151 0
-116 -59 151 0
-116 60 -153 0
-116 -60 153 0
-116 61 -151 0
-116 -61 151 0
-116 62 -153 0
-116 -62 153 0
-116 63 -151 0
-116 -63 151 0
-116 64 -153 0
-116 -64 153 0
-116 65 -151 0
-116 -65 151 0
-116 66 -153 0
-116 -66 153 0
-117 35 -150 0
-117 -35 150 0
-117 36 -150 0
-117 -36 150 0
-117 37 -152 0
-117 -37 152 0
-117 38 -152 0
-117 -38 152 0
-117 39 -150 0
-117 -39 150 0
-117 40 -150 0
-117 -40 150 0
-117 41 -152 0
-117 -41 152 0
-117 42 -152 0
-117 -42 152 0
-117 43 -150 0
-117 -43 150 0
-117 44 -150 0
-117 -44 150 0
-117 45 -152 0
-117 -45 152 0
-117 46 -152 0
-117 -46 152 0
-117 47 -150 0
-117 -47 150 0
-117 48 -150 0
-117 -48 150 0
-117 49 -152 0
-117 -49 152 0
-117 50 -152 0
-117 -50 152 0
-117 51 -151 0
-117 -51 151 0
-117 52 -151 0
-117 -52 151 0
-117 53 -153 0
-117 -53 153 0
-117 54 -153 0
-117 -54 153 0
-117 55 -151 0
-117 -55 151 0
-117 56 -151 0
-117 -56 151 0
-117 57 -153 0
-117 -57 153 0
-117 58 -153 0
-117 -58 153 0
-117 59 -151 0
-117 -59 151 0
-117 60 -151 0
-117 -60 151 0
-117 61 -153 0
-117 -61 153 0
-117 62 -153 0
-117 -62 153 0
-117 63 -151 0
-117 -63 151 0
-117 64 -151 0
-117 -64 151 0
-117 65 -153 0
-117 -65 153 0
-117 66 -153 0
-117 -66 153 0
-118 35 -150 0
-118 -35 150 0
-118 36 -150 0
-118 -36 150 0
-118 37 -150 0
-118 -37 150 0
-118 38 -150 0
-118 -38 150 0
-118 39 -152 0
-118 -39 152 0
-118 40 -152 0
-118 -40 152 0
-118 41 -152 0
-118 -41 152 0
-118 42 -152 0
-118 -42 152 0
-118 43 -150 0
-118 -43 150 0
-118 44 -150 0
-118 -44 150 0
-118 45 -150 0
-118 -45 150 0
-118 46 -150 0
-118 -46 150 0
-118 47 -152 0
-118 -47 152 0
-118 48 -152 0
-118 -48 152 0
-118 49 -152 0
-118 -49 152 0
-118 50 -152 0
-118 -50 152 0
-118 51 -151 0
-118 -51 151 0
-118 52 -151 0
-118 -52 151 0
-118 53 -151 0
-118 -53 151 0
-118 54 -151 0
-118 -54 151 0
-118 55 -153 0
-118 -55 153 0
-118 56 -153 0
-118 -56 153 0
-118 57 -153 0
-118 -57 153 0
-118 58 -153 0
-118 -58 153 0
-118 59 -151 0
-118 -59 151 0
-118 60 -151 0
-118 -60 151 0
-118 61 -151 0
-118 -61 151 0
-118 62 -151 0
-118 -62 151 0
-118 63 -153 0
-118 -63 153 0
-118 64 -153 0
-118 -64 153 0
-118 65 -153 0
-118 -65 153 0
-118 66 -153 0
-118 -66 153 0
-119 35 -150 0
-119 -35 150 0
-119 36 -150 0
-119 -36 150 0
-119 37 -150 0
-119 -37 150 0
-119 38 -150 0
-119 -38 150 0
-119 39 -150 0
-119 -39 150 0
-119 40 -150 0
-119 -40 150 0
-119 41 -150 0
-119 -41 150 0
-119 42 -150 0
-119 -42 150 0
-119 43 -152 0
-119 -43 152 0
-119 44 -152 0
-119 -44 152 0
-119 45 -152 0
-119 -45 152 0
-119 46 -152 0
-119 -46 152 0
-119 47 -152 0
-119 -47 152 0
-119 48 -152 0
-119 -48 152 0
-119 49 -152 0
-119 -49 152 0
-119 50 -152 0
-119 -50 152 0
-119 51 -151 0
-119 -51 151 0
-119 52 -151 0
-119 -52 151 0
-119 53 -151 0
-119 -53 151 0
-119 54 -151 0
-119 -54 151 0
-119 55 -151 0
-119 -55 151 0
-119 56 -151 0
-119 -56 151 0
-119 57 -151 0
-119 -57 151 0
-119 58 -151 0
-119 -58 151 0
-119 59 -153 0
-119 -59 153 0
-119 60 -153 0
-119 -60 153 0
-119 61 -153 0
-119 -61 153 0
-119 62 -153 0
-119 -62 153 0
-119 63 -153 0
-119 -63 153 0
-119 64 -153 0
-119 -64 153 0
-119 65 -153 0
-119 -65 153 0
-119 66 -153 0
-119 -66 153 0
-120 35 -150 2 0
-120 35 -151 -2 0
-120 -35 150 2 0
-120 -35 151 -2 0
-120 36 -152 3 0
-120 36 -153 -3 0
-120 -36 152 3 0
-120 -36 153 -3 0
-120 37 -150 4 0
-120 37 -151 -4 0
-120 -37 150 4 0
-120 -37 151 -4 0
-120 38 -152 5 0
-120 38 -153 -5 0
-120 -38 152 5 0
-120 -38 153 -5 0
-120 39 -150 6 0
-120 39 -151 -6 0
-120 -39 150 6 0
-120 -39 151 -6 0
-120 40 -152 7 0
-120 40 -153 -7 0
-120 -40 152 7 0
-120 -40 153 -7 0
-120 41 -150 8 0
-120 41 -151 -8 0
-120 -41 150 8 0
-120 -41 151 -8 0
-120 42 -152 9 0
-120 42 -153 -9 0
-120 -42 152 9 0
-120 -42 153 -9 0
-120 43 -150 10 0
-120 43 -151 -10 0
-120 -43 150 10 0
-120 -43 151 -10 0
-120 44 -152 11 0
-120 44 -153 -11 0
-120 -44 152 11 0
-120 -44 153 -11 0
-120 45 -150 12 0
-120 45 -151 -12 0
-120 -45 150 12 0
-120 -45 151 -12 0
-120 46 -152 13 0
-120 46 -153 -13 0
-120 -46 152 13 0
-120 -46 153 -13 0
-120 47 -150 14 0
-120 47 -151 -14 0
-120 -47 150 14 0
-120 -47 151 -14 0
-120 48 -152 15 0
-120 48 -153 -15 0
-120 -48 152 15 0
-120 -48 153 -15 0
-120 49 -150 16 0
-120 49 -151 -16 0
-120 -49 150 16 0
-120 -49 151 -16 0
-120 50 -152 17 0
-120 50 -153 -17 0
-120 -50 152 17 0
-120 -50 153 -17 0
-120 51 -150 18 0
-120 51 -151 -18 0
-120 -51 150 18 0
-120 -51 151 -18 0
-120 52 -152 19 0
-120 52 -153 -19 0
-120 -52 152 19 0
-120 -52 153 -19 0
-120 53 -150 20 0
-120 53 -151 -20 0
-120 -53 150 20 0
-120 -53 151 -20 0
-120 54 -152 21 0
-120 54 -153 -21 0
-120 -54 152 21 0
-120 -54 153 -21 0
-120 55 -150 22 0
-120 55 -151 -22 0
-120 -55 150 22 0
-120 -55 151 -22 0
-120 56 -152 23 0
-120 56 -153 -23 0
-120 -56 152 23 0
-120 -56 153 -23 0
-120 57 -150 24 0
-120 57 -151 -24 0
-120 -57 150 24 0
-120 -57 151 -24 0
-120 58 -152 25 0
-120 58 -153 -25 0
-120 -58 152 25 0
-120 -58 153 -25 0
-120 59 -150 26 0
-120 59 -151 -26 0
-120 -59 150 26 0
-120 -59 151 -26 0
-120 60 -152 27 0
-120 60 -153 -27 0
-120 -60 152 27 0
-120 -60 153 -27 0
-120 61 -150 28 0
-120 61 -151 -28 0
-120 -61 150 28 0
-120 -61 151 -28 0
-120 62 -152 29 0
-120 62 -153 -29 0
-120 -62 152 29 0
-120 -62 153 -29 0
-120 63 -150 30 0
-120 63 -151 -30 0
-120 -63 150 30 0
-120 -63 151 -30 0
-120 64 -152 31 0
-120 64 -153 -31 0
-120 -64 152 31 0
-120 -64 153 -31 0
-120 65 -150 32 0
-120 65 -151 -32 0
-120 -65 150 32 0
-120 -65 151 -32 0
-120 66 -152 33 0
-120 66 -153 -33 0
-120 -66 152 33 0
-120 -66 153 -33 0
-121 35 -150 2 0
-121 35 -151 -2 0
-121 -35 150 2 0
-121 -35 151 -2 0
-121 36 -150 3 0
-121 36 -151 -3 0
-121 -36 150 3 0
-121 -36 151 -3 0
-121 37 -152 4 0
-121 37 -153 -4 0
-121 -37 152 4 0
-121 -37 153 -4 0
-121 38 -152 5 0
-121 38 -153 -5 0
-121 -38 152 5 0
-121 -38 153 -5 0
-121 39 -150 6 0
-121 39 -151 -6 0
-121 -39 150 6 0
-121 -39 151 -6 0
-121 40 -150 7 0
-121 40 -151 -7 0
-121 -40 150 7 0
-121 -40 151 -7 0
-121 41 -152 8 0
-121 41 -153 -8 0
-121 -41 152 8 0
-121 -41 153 -8 0
-121 42 -152 9 0
-121 42 -153 -9 0
-121 -42 152 9 0
-121 -42 153 -9 0
-121 43 -150 10 0
-121 43 -151 -10 0
-121 -43 150 10 0
-121 -43 151 -10 0
-121 44 -150 11 0
-121 44 -151 -11 0
-121 -44 150 11 0
-121 -44 151 -11 0
-121 45 -152 12 0
-121 45 -153 -12 0
-121 -45 152 12 0
-121 -45 153 -12 0
-121 46 -152 13 0
-121 46 -153 -13 0
-121 -46 152 13 0
-121 -46 153 -13 0
-121 47 -150 14 0
-121 47 -151 -14 0
-121 -47 150 14 0
-121 -47 151 -14 0
-121 48 -150 15 0
-121 48 -151 -15 0
-121 -48 150 15 0
-121 -48 151 -15 0
-121 49 -152 16 0
-121 49 -153 -16 0
-121 -49 152 16 0
-121 -49 153 -16 0
-121 50 -152 17 0
-121 50 -153 -17 0
-121 -50 152 17 0
-121 -50 153 -17 0
-121 51 -150 18 0
-121 51 -151 -18 0
-121 -51 150 18 0
-121 -51 151 -18 0
-121 52 -150 19 0
-121 52 -151 -19 0
-121 -52 150 19 0
-121 -52 151 -19 0
-121 53 -152 20 0
-121 53 -153 -20 0
-121 -53 152 20 0
-121 -53 153 -20 0
-121 54 -152 21 0
-121 54 -153 -21 0
-121 -54 152 21 0
-121 -54 153 -21 0
-121 55 -150 22 0
-121 55 -151 -22 0
-121 -55 150 22 0
-121 -55 151 -22 0
-121 56 -150 23 0
-121 56 -151 -23 0
-121 -56 150 23 0
-121 -56 151 -23 0
-121 57 -152 24 0
-121 57 -153 -24 0
-121 -57 152 24 0
-121 -57 153 -24 0
-121 58 -152 25 0
-121 58 -153 -25 0
-121 -58 152 25 0
-121 -58 153 -25 0
-121 59 -150 26 0
-121 59 -151 -26 0
-121 -59 150 26 0
-121 -59 151 -26 0
-121 60 -150 27 0
-121 60 -151 -27 0
-121 -60 150 27 0
-121 -60 151 -27 0
-121 61 -152 28 0
-121 61 -153 -28 0
-121 -61 152 28 0
-121 -61 153 -28 0
-121 62 -152 29 0
-121 62 -153 -29 0
-121 -62 152 29 0
-121 -62 153 -29 0
-121 63 -150 30 0
-121 63 -151 -30 0
-121 -63 150 30 0
-121 -63 151 -30 0
-121 64 -150 31 0
-121 64 -151 -31 0
-121 -64 150 31 0
-121 -64 151 -31 0
-121 65 -152 32 0
-121 65 -153 -32 0
-121 -65 152 32 0
-121 -65 153 -32 0
-121 66 -152 33 0
-121 66 -153 -33 0
-121 -66 152 33 0
-121 -66 153 -33 0
-122 35 -150 2 0
-122 35 -151 -2 0
-122 -35 150 2 0
-122 -35 151 -2 0
-122 36 -150 3 0
-122 36 -151 -3 0
-122 -36 150 3 0
-122 -36 151 -3 0
-122 37 -150 4 0
-122 37 -151 -4 0
-122 -37 150 4 0
-122 -37 151 -4 0
-122 38 -150 5 0
-122 38 -151 -5 0
-122 -38 150 5 0
-122 -38 151 -5 0
-122 39 -152 6 0
-122 39 -153 -6 0
-122 -39 152 6 0
-122 -39 153 -6 0
-122 40 -152 7 0
-122 40 -153 -7 0
-122 -40 152 7 0
-122 -40 153 -7 0
-122 41 -152 8 0
-122 41 -153 -8 0
-122 -41 152 8 0
-122 -41 153 -8 0
-122 42 -152 9 0
-122 42 -153 -9 0
-122 -42 152 9 0
-122 -42 153 -9 0
-122 43 -150 10 0
-122 43 -151 -10 0
-122 -43 150 10 0
-122 -43 151 -10 0
-122 44 -150 11 0
-122 44 -151 -11 0
-122 -44 150 11 0
-122 -44 151 -11 0
-122 45 -150 12 0
-122 45 -151 -12 0
-122 -45 150 12 0
-122 -45 151 -12 0
-122 46 -150 13 0
-122 46 -151 -13 0
-122 -46 150 13 0
-122 -46 151 -13 0
-122 47 -152 14 0
-122 47 -153 -14 0
-122 -47 152 14 0
-122 -47 153 -14 0
-122 48 -152 15 0
-122 48 -153 -15 0
-122 -48 152 15 0
-122 -48 153 -15 0
-122 49 -152 16 0
-122 49 -153 -16 0
-122 -49 152 16 0
-122 -49 153 -16 0
-122 50 -152 17 0
-122 50 -153 -17 0
-122 -50 152 17 0
-122 -50 153 -17 0
-122 51 -150 18 0
-122 51 -151 -18 0
-122 -51 150 18 0
-122 -51 151 -18 0
-122 52 -150 19 0
-122 52 -151 -19 0
-122 -52 150 19 0
-122 -52 151 -19 0
-122 53 -150 20 0
-122 53 -151 -20 0
-122 -53 150 20 0
-122 -53 151 -20 0
-122 54 -150 21 0
-122 54 -151 -21 0
-122 -54 150 21 0
-122 -54 151 -21 0
-122 55 -152 22 0
-122 55 -153 -22 0
-122 -55 152 22 0
-122 -55 153 -22 0
-122 56 -152 23 0
-122 56 -153 -23 0
-122 -56 152 23 0
-122 -56 153 -23 0
-122 57 -152 24 0
-122 57 -153 -24 0
-122 -57 152 24 0
-122 -57 153 -24 0
-122 58 -152 25 0
-122 58 -153 -25 0
-122 -58 152 25 0
-122 -58 153 -25 0
-122 59 -150 26 0
-122 59 -151 -26 0
-122 -59 150 26 0
-122 -59 151 -26 0
-122 60 -150 27 0
-122 60 -151 -27 0
-122 -60 150 27 0
-122 -60 151 -27 0
-122 61 -150 28 0
-122 61 -151 -28 0
-122 -61 150 28 0
-122 -61 151 -28 0
-122 62 -150 29 0
-122 62 -151 -29 0
-122 -62 150 29 0
-122 -62 151 -29 0
-122 63 -152 30 0
-122 63 -153 -30 0
-122 -63 152 30 0
-122 -63 153 -30 0
-122 64 -152 31 0
-122 64 -153 -31 0
-122 -64 152 31 0
-122 -64 153 -31 0
-122 65 -152 32 0
-122 65 -153 -32 0
-122 -65 152 32 0
-122 -65 153 -32 0
-122 66 -152 33 0
-122 66 -153 -33 0
-122 -66 152 33 0
-122 -66 153 -33 0
-123 35 -150 2 0
-123 35 -151 -2 0
-123 -35 150 2 0
-123 -35 151 -2 0
-123 36 -150 3 0
-123 36 -151 -3 0
-123 -36 150 3 0
-123 -36 151 -3 0
-123 37 -150 4 0
-123 37 -151 -4 0
-123 -37 150 4 0
-123 -37 151 -4 0
-123 38 -150 5 0
-123 38 -151 -5 0
-123 -38 150 5 0
-123 -38 151 -5 0
-123 39 -150 6 0
-123 39 -151 -6 0
-123 -39 150 6 0
-123 -39 151 -6 0
-123 40 -150 7 0
-123 40 -151 -7 0
-123 -40 150 7 0
-123 -40 151 -7 0
-123 41 -150 8 0
-123 41 -151 -8 0
-123 -41 150 8 0
-123 -41 151 -8 0
-123 42 -150 9 0
-123 42 -151 -9 0
-123 -42 150 9 0
-123 -42 151 -9 0
-123 43 -152 10 0
-123 43 -153 -10 0
-123 -43 152 10 0
-123 -43 153 -10 0
-123 44 -152 11 0
-123 44 -153 -11 0
-123 -44 152 11 0
-123 -44 153 -11 0
-123 45 -152 12 0
-123 45 -153 -12 0
-123 -45 152 12 0
-123 -45 153 -12 0
-123 46 -152 13 0
-123 46 -153 -13 0
-123 -46 152 13 0
-123 -46 153 -13 0
-123 47 -152 14 0
-123 47 -153 -14 0
-123 -47 152 14 0
-123 -47 153 -14 0
-123 48 -152 15 0
-123 48 -153 -15 0
-123 -48 152 15 0
-123 -48 153 -15 0
-123 49 -152 16 0
-123 49 -153 -16 0
-123 -49 152 16 0
-123 -49 153 -16 0
-123 50 -152 17 0
-123 50 -153 -17 0
-123 -50 152 17 0
-123 -50 153 -17 0
-123 51 -150 18 0
-123 51 -151 -18 0
-123 -51 150 18 0
-123 -51 151 -18 0
-123 52 -150 19 0
-123 52 -151 -19 0
-123 -52 150 19 0
-123 -52 151 -19 0
-123 53 -150 20 0
-123 53 -151 -20 0
-123 -53 150 20 0
-123 -53 151 -20 0
-123 54 -150 21 0
-123 54 -151 -21 0
-123 -54 150 21 0
-123 -54 151 -21 0
-123 55 -150 22 0
-123 55 -151 -22 0
-123 -55 150 22 0
-123 -55 151 -22 0
-123 56 -150 23 0
-123 56 -151 -23 0
-123 -56 150 23 0
-123 -56 151 -23 0
-123 57 -150 24 0
-123 57 -151 -24 0
-123 -57 150 24 0
-123 -57 151 -24 0
-123 58 -150 25 0
-123 58 -151 -25 0
-123 -58 150 25 0
-123 -58 151 -25 0
-123 59 -152 26 0
-123 59 -153 -26 0
-123 -59 152 26 0
-123 -59 153 -26 0
-123 60 -152 27 0
-123 60 -153 -27 0
-123 -60 152 27 0
-123 -60 153 -27 0
-123 61 -152 28 0
-123 61 -153 -28 0
-123 -61 152 28 0
-123 -61 153 -28 0
-123 62 -152 29 0
-123 62 -153 -29 0
-123 -62 152 29 0
-123 -62 153 -29 0
-123 63 -152 30 0
-123 63 -153 -30 0
-123 -63 152 30 0
-123 -63 153 -30 0
-123 64 -152 31 0
-123 64 -153 -31 0
-123 -64 152 31 0
-123 -64 153 -31 0
-123 65 -152 32 0
-123 65 -153 -32 0
-123 -65 152 32 0
-123 -65 153 -32 0
-123 66 -152 33 0
-123 66 -153 -33 0
-123 -66 152 33 0
-123 -66 153 -33 0
-124 35 -150 2 0
-124 35 -151 -2 0
-124 -35 150 2 0
-124 -35 151 -2 0
-124 36 -150 3 0
-124 36 -151 -3 0
-124 -36 150 3 0
-124 -36 151 -3 0
-124 37 -150 4 0
-124 37 -151 -4 0
-124 -37 150 4 0
-124 -37 151 -4 0
-124 38 -150 5 0
-124 38 -151 -5 0
-124 -38 150 5 0
-124 -38 151 -5 0
-124 39 -150 6 0
-124 39 -151 -6 0
-124 -39 150 6 0
-124 -39 151 -6 0
-124 40 -150 7 0
-124 40 -151 -7 0
-124 -40 150 7 0
-124 -40 151 -7 0
-124 41 -150 8 0
-124 41 -151 -8 0
-124 -41 150 8 0
-124 -41 151 -8 0
-124 42 -150 9 0
-124 42 -151 -9 0
-124 -42 150 9 0
-124 -42 151 -9 0
-124 43 -150 10 0
-124 43 -151 -10 0
-124 -43 150 10 0
-124 -43 151 -10 0
-124 44 -150 11 0
-124 44 -151 -11 0
-124 -44 150 11 0
-124 -44 151 -11 0
-124 45 -150 12 0
-124 45 -151 -12 0
-124 -45 150 12 0
-124 -45 151 -12 0
-124 46 -150 13 0
-124 46 -151 -13 0
-124 -46 150 13 0
-124 -46 151 -13 0
-124 47 -150 14 0
-124 47 -151 -14 0
-124 -47 150 14 0
-124 -47 151 -14 0
-124 48 -150 15 0
-124 48 -151 -15 0
-124 -48 150 15 0
-124 -48 151 -15 0
-124 49 -150 16 0
-124 49 -151 -16 0
-124 -49 150 16 0
-124 -49 151 -16 0
-124 50 -150 17 0
-124 50 -151 -17 0
-124 -50 150 17 0
-124 -50 151 -17 0
-124 51 -152 18 0
-124 51 -153 -18 0
-124 -51 152 18 0
-124 -51 153 -18 0
-124 52 -152 19 0
-124 52 -153 -19 0
-124 -52 152 19 0
-124 -52 153 -19 0
-124 53 -152 20 0
-124 53 -153 -20 0
-124 -53 152 20 0
-124 -53 153 -20 0
-124 54 -152 21 0
-124 54 -153 -21 0
-124 -54 152 21 0
-124 -54 153 -21 0
-124 55 -152 22 0
-124 55 -153 -22 0
-124 -55 152 22 0
-124 -55 153 -22 0
-124 56 -152 23 0
-124 56 -153 -23 0
-124 -56 152 23 0
-124 -56 153 -23 0
-124 57 -152 24 0
-124 57 -153 -24 0
-124 -57 152 24 0
-124 -57 153 -24 0
-124 58 -152 25 0
-124 58 -153 -25 0
-124 -58 152 25 0
-124 -58 153 -25 0
-124 59 -152 26 0
-124 59 -153 -26 0
-124 -59 152 26 0
-124 -59 153 -26 0
-124 60 -152 27 0
-124 60 -153 -27 0
-124 -60 152 27 0
-124 -60 153 -27 0
-124 61 -152 28 0
-124 61 -153 -28 0
-124 -61 152 28 0
-124 -61 153 -28 0
-124 62 -152 29 0
-124 62 -153 -29 0
-124 -62 152 29 0
-124 -62 153 -29 0
-124 63 -152 30 0
-124 63 -153 -30 0
-124 -63 152 30 0
-124 -63 153 -30 0
-124 64 -152 31 0
-124 64 -153 -31 0
-124 -64 152 31 0
-124 -64 153 -31 0
-124 65 -152 32 0
-124 65 -153 -32 0
-124 -65 152 32 0
-124 -65 153 -32 0
-124 66 -152 33 0
-124 66 -153 -33 0
-124 -66 152 33 0
-124 -66 153 -33 0
-125 68 -154 0
-125 -68 154 0
-125 69 -156 0
-125 -69 156 0
-125 70 -155 0
-125 -70 155 0
-125 71 -157 0
-125 -71 157 0
-125 72 -154 0
-125 -72 154 0
-125 73 -156 0
-125 -73 156 0
-125 74 -155 0
-125 -74 155 0
-125 75 -157 0
-125 -75 157 0
-125 76 -154 0
-125 -76 154 0
-125 77 -156 0
-125 -77 156 0
-125 78 -155 0
-125 -78 155 0
-125 79 -157 0
-125 -79 157 0
-125 80 -154 0
-125 -80 154 0
-125 81 -156 0
-125 -81 156 0
-125 82 -155 0
-125 -82 155 0
-125 83 -157 0
-125 -83 157 0
-125 84 -154 0
-125 -84 154 0
-125 85 -156 0
-125 -85 156 0
-125 86 -155 0
-125 -86 155 0
-125 87 -157 0
-125 -87 157 0
-125 88 -154 0
-125 -88 154 0
-125 89 -156 0
-125 -89 156 0
-125 90 -155 0
-125 -90 155 0
-125 91 -157 0
-125 -91 157 0
-125 92 -154 0
-125 -92 154 0
-125 93 -156 0
-125 -93 156 0
-125 94 -155 0
-125 -94 155 0
-125 95 -157 0
-125 -95 157 0
-125 96 -154 0
-125 -96 154 0
-125 97 -156 0
-125 -97 156 0
-125 98 -155 0
-125 -98 155 0
-125 99 -157 0
-125 -99 157 0
-126 68 -154 0
-126 -68 154 0
-126 69 -156 0
-126 -69 156 0
-126 70 -154 0
-126 -70 154 0
-126 71 -156 0
-126 -71 156 0
-126 72 -155 0
-126 -72 155 0
-126 73 -157 0
-126 -73 157 0
-126 74 -155 0
-126 -74 155 0
-126 75 -157 0
-126 -75 157 0
-126 76 -154 0
-126 -76 154 0
-126 77 -156 0
-126 -77 156 0
-126 78 -154 0
-126 -78 154 0
-126 79 -156 0
-126 -79 156 0
-126 80 -155 0
-126 -80 155 0
-126 81 -157 0
-126 -81 157 0
-126 82 -155 0
-126 -82 155 0
-126 83 -157 0
-126 -83 157 0
-126 84 -154 0
-126 -84 154 0
-126 85 -156 0
-126 -85 156 0
-126 86 -154 0
-126 -86 154 0
-126 87 -156 0
-126 -87 156 0
-126 88 -155 0
-126 -88 155 0
-126 89 -157 0
-126 -89 157 0
-126 90 -155 0
-126 -90 155 0
-126 91 -157 0
-126 -91 157 0
-126 92 -154 0
-126 -92 154 0
-126 93 -156 0
-126 -93 156 0
-126 94 -154 0
-126 -94 154 0
-126 95 -156 0
-126 -95 156 0
-126 96 -155 0
-126 -96 155 0
-126 97 -157 0
-126 -97 157 0
-126 98 -155 0
-126 -98 155 0
-126 99 -157 0
-126 -99 157 0
-127 68 -154 0
-127 -68 154 0
-127 69 -154 0
-127 -69 154 0
-127 70 -156 0
-127 -70 156 0
-127 71 -156 0
-127 -71 156 0
-127 72 -155 0
-127 -72 155 0
-127 73 -155 0
-127 -73 155 0
-127 74 -157 0
-127 -74 157 0
-127 75 -157 0
-127 -75 157 0
-127 76 -154 0
-127 -76 154 0
-127 77 -154 0
-127 -77 154 0
-127 78 -156 0
-127 -78 156 0
-127 79 -156 0
-127 -79 156 0
-127 80 -155 0
-127 -80 155 0
-127 81 -155 0
-127 -81 155 0
-127 82 -157 0
-127 -82 157 0
-127 83 -157 0
-127 -83 157 0
-127 84 -154 0
-127 -84 154 0
-127 85 -154 0
-127 -85 154 0
-127 86 -156 0
-127 -86 156 0
-127 87 -156 0
-127 -87 156 0
-127 88 -155 0
-127 -88 155 0
-127 89 -155 0
-127 -89 155 0
-127 90 -157 0
-127 -90 157 0
-127 91 -157 0
-127 -91 157 0
-127 92 -154 0
-127 -92 154 0
-127 93 -154 0
-127 -93 154 0
-127 94 -156 0
-127 -94 156 0
-127 95 -156 0
-127 -95 156 0
-127 96 -155 0
-127 -96 155 0
-127 97 -155 0
-127 -97 155 0
-127 98 -157 0
-127 -98 157 0
-127 99 -157 0
-127 -99 157 0
-128 68 -154 0
-128 -68 154 0
-128 69 -156 0
-128 -69 156 0
-128 70 -154 0
-128 -70 154 0
-128 71 -156 0
-128 -71 156 0
-128 72 -154 0
-128 -72 154 0
-128 73 -156 0
-128 -73 156 0
-128 74 -154 0
-128 -74 154 0
-128 75 -156 0
-128 -75 156 0
-128 76 -155 0
-128 -76 155 0
-128 77 -157 0
-128 -77 157 0
-128 78 -155 0
-128 -78 155 0
-128 79 -157 0
-128 -79 157 0
-128 80 -155 0
-128 -80 155 0
-128 81 -157 0
-128 -81 157 0
-128 82 -155 0
-128 -82 155 0
-128 83 -157 0
-128 -83 157 0
-128 84 -154 0
-128 -84 154 0
-128 85 -156 0
-128 -85 156 0
-128 86 -154 0
-128 -86 154 0
-128 87 -156 0
-128 -87 156 0
-128 88 -154 0
-128 -88 154 0
-128 89 -156 0
-128 -89 156 0
-128 90 -154 0
-128 -90 154 0
-128 91 -156 0
-128 -91 156 0
-128 92 -155 0
-128 -92 155 0
-128 93 -157 0
-128 -93 157 0
-128 94 -155 0
-128 -94 155 0
-128 95 -157 0
-128 -95 157 0
-128 96 -155 0
-128 -96 155 0
-128 97 -157 0
-128 -97 157 0
-128 98 -155 0
-128 -98 155 0
-128 99 -157 0
-128 -99 157 0
-129 68 -154 0
-129 -68 154 0
-129 69 -154 0
-129 -69 154 0
-129 70 -156 0
-129 -70 156 0
-129 71 -156 0
-129 -71 156 0
-129 72 -154 0
-129 -72 154 0
-129 73 -154 0
-129 -73 154 0
-129 74 -156 0
-129 -74 156 0
-129 75 -156 0
-129 -75 156 0
-129 76 -155 0
-129 -76 155 0
-129 77 -155 0
-129 -77 155 0
-129 78 -157 0
-129 -78 157 0
-129 79 -157 0
-129 -79 157 0
-129 80 -155 0
-129 -80 155 0
-129 81 -155 0
-129 -81 155 0
-129 82 -157 0
-129 -82 157 0
-129 83 -157 0
-129 -83 157 0
-129 84 -154 0
-129 -84 154 0
-129 85 -154 0
-129 -85 154 0
-129 86 -156 0
-129 -86 156 0
-129 87 -156 0
-129 -87 156 0
-129 88 -154 0
-129 -88 154 0
-129 89 -154 0
-129 -89 154 0
-129 90 -156 0
-129 -90 156 0
-129 91 -156 0
-129 -91 156 0
-129 92 -155 0
-129 -92 155 0
-129 93 -155 0
-129 -93 155 0
-129 94 -157 0
-129 -94 157 0
-129 95 -157 0
-129 -95 157 0
-129 96 -155 0
-129 -96 155 0
-129 97 -155 0
-129 -97 155 0
-129 98 -157 0
-129 -98 157 0
-129 99 -157 0
-129 -99 157 0
-130 68 -154 0
-130 -68 154 0
-130 69 -154 0
-130 -69 154 0
-130 70 -154 0
-130 -70 154 0
-130 71 -154 0
-130 -71 154 0
-130 72 -156 0
-130 -72 156 0
-130 73 -156 0
-130 -73 156 0
-130 74 -156 0
-130 -74 156 0
-130 75 -156 0
-130 -75 156 0
-130 76 -155 0
-130 -76 155 0
-130 77 -155 0
-130 -77 155 0
-130 78 -155 0
-130 -78 155 0
-130 79 -155 0
-130 -79 155 0
-130 80 -157 0
-130 -80 157 0
-130 81 -157 0
-130 -81 157 0
-130 82 -157 0
-130 -82 157 0
-130 83 -157 0
-130 -83 157 0
-130 84 -154 0
-130 -84 154 0
-130 85 -154 0
-130 -85 154 0
-130 86 -154 0
-130 -86 154 0
-130 87 -154 0
-130 -87 154 0
-130 88 -156 0
-130 -88 156 0
-130 89 -156 0
-130 -89 156 0
-130 90 -156 0
-130 -90 156 0
-130 91 -156 0
-130 -91 156 0
-130 92 -155 0
-130 -92 155 0
-130 93 -155 0
-130 -93 155 0
-130 94 -155 0
-130 -94 155 0
-130 95 -155 0
-130 -95 155 0
-130 96 -157 0
-130 -96 157 0
-130 97 -157 0
-130 -97 157 0
-130 98 -157 0
-130 -98 157 0
-130 99 -157 0
-130 -99 157 0
-131 68 -154 0
-131 -68 154 0
-131 69 -156 0
-131 -69 156 0
-131 70 -154 0
-131 -70 154 0
-131 71 -156 0
-131 -71 156 0
-131 72 -154 0
-131 -72 154 0
-131 73 -156 0
-131 -73 156 0
-131 74 -154 0
-131 -74 154 0
-131 75 -156 0
-131 -75 156 0
-131 76 -154 0
-131 -76 154 0
-131 77 -156 0
-131 -77 156 0
-131 78 -154 0
-131 -78 154 0
-131 79 -156 0
-131 -79 156 0
-131 80 -154 0
-131 -80 154 0
-131 81 -156 0
-131 -81 156 0
-131 82 -154 0
-131 -82 154 0
-131 83 -156 0
-131 -83 156 0
-131 84 -155 0
-131 -84 155 0
-131 85 -157 0
-131 -85 157 0
-131 86 -155 0
-131 -86 155 0
-131 87 -157 0
-131 -87 157 0
-131 88 -155 0
-131 -88 155 0
-131 89 -157 0
-131 -89 157 0
-131 90 -155 0
-131 -90 155 0
-131 91 -157 0
-131 -91 157 0
-131 92 -155 0
-131 -92 155 0
-131 93 -157 0
-131 -93 157 0
-131 94 -155 0
-131 -94 155 0
-131 95 -157 0
-131 -95 157 0
-131 96 -155 0
-131 -96 155 0
-131 97 -157 0
-131 -97 157 0
-131 98 -155 0
-131 -98 155 0
-131 99 -157 0
-131 -99 157 0
-132 68 -154 0
-132 -68 154 0
-132 69 -154 0
-132 -69 154 0
-132 70 -156 0
-132 -70 156 0
-132 71 -156 0
-132 -71 156 0
-132 72 -154 0
-132 -72 154 0
-132 73 -154 0
-132 -73 154 0
-132 74 -156 0
-132 -74 156 0
-132 75 -156 0
-132 -75 156 0
-132 76 -154 0
-132 -76 154 0
-132 77 -154 0
-132 -77 154 0
-132 78 -156 0
-132 -78 156 0
-132 79 -156 0
-132 -79 156 0
-132 80 -154 0
-132 -80 154 0
-132 81 -154 0
-132 -81 154 0
-132 82 -156 0
-132 -82 156 0
-132 83 -156 0
-132 -83 156 0
-132 84 -155 0
-132 -84 155 0
-132 85 -155 0
-132 -85 155 0
-132 86 -157 0
-132 -86 157 0
-132 87 -157 0
-132 -87 157 0
-132 88 -155 0
-132 -88 155 0
-132 89 -155 0
-132 -89 155 0
-132 90 -157 0
-132 -90 157 0
-132 91 -157 0
-132 -91 157 0
-132 92 -155 0
-132 -92 155 0
-132 93 -155 0
-132 -93 155 0
-132 94 -157 0
-132 -94 157 0
-132 95 -157 0
-132 -95 157 0
-132 96 -155 0
-132 -96 155 0
-132 97 -155 0
-132 -97 155 0
-132 98 -157 0
-132 -98 157 0
-132 99 -157 0
-132 -99 157 0
-133 68 -154 0
-133 -68 154 0
-133 69 -154 0
-133 -69 154 0
-133 70 -154 0
-133 -70 154 0
-133 71 -154 0
-133 -71 154 0
-133 72 -156 0
-133 -72 156 0
-133 73 -156 0
-133 -73 156 0
-133 74 -156 0
-133 -74 156 0
-133 75 -156 0
-133 -75 156 0
-133 76 -154 0
-133 -76 154 0
-133 77 -154 0
-133 -77 154 0
-133 78 -154 0
-133 -78 154 0
-133 79 -154 0
-133 -79 154 0
-133 80 -156 0
-133 -80 156 0
-133 81 -156 0
-133 -81 156 0
-133 82 -156 0
-133 -82 156 0
-133 83 -156 0
-133 -83 156 0
-133 84 -155 0
-133 -84 155 0
-133 85 -155 0
-133 -85 155 0
-133 86 -155 0
-133 -86 155 0
-133 87 -155 0
-133 -87 155 0
-133 88 -157 0
-133 -88 157 0
-133 89 -157 0
-133 -89 157 0
-133 90 -157 0
-133 -90 157 0
-133 91 -157 0
-133 -91 157 0
-133 92 -155 0
-133 -92 155 0
-133 93 -155 0
-133 -93 155 0
-133 94 -155 0
-133 -94 155 0
-133 95 -155 0
-133 -95 155 0
-133 96 -157 0
-133 -96 157 0
-133 97 -157 0
-133 -97 157 0
-133 98 -157 0
-133 -98 157 0
-133 99 -157 0
-133 -99 157 0
-134 68 -154 0
-134 -68 154 0
-134 69 -154 0
-134 -69 154 0
-134 70 -154 0
-134 -70 154 0
-134 71 -154 0
-134 -71 154 0
-134 72 -154 0
-134 -72 154 0
-134 73 -154 0
-134 -73 154 0
-134 74 -154 0
-134 -74 154 0
-134 75 -154 0
-134 -75 154 0
-134 76 -156 0
-134 -76 156 0
-134 77 -156 0
-134 -77 156 0
-134 78 -156 0
-134 -78 156 0
-134 79 -156 0
-134 -79 156 0
-134 80 -156 0
-134 -80 156 0
-134 81 -156 0
-134 -81 156 0
-134 82 -156 0
-134 -82 156 0
-134 83 -156 0
-134 -83 156 0
-134 84 -155 0
-134 -84 155 0
-134 85 -155 0
-134 -85 155 0
-134 86 -155 0
-134 -86 155 0
-134 87 -155 0
-134 -87 155 0
-134 88 -155 0
-134 -88 155 0
-134 89 -155 0
-134 -89 155 0
-134 90 -155 0
-134 -90 155 0
-134 91 -155 0
-134 -91 155 0
-134 92 -157 0
-134 -92 157 0
-134 93 -157 0
-134 -93 157 0
-134 94 -157 0
-134 -94 157 0
-134 95 -157 0
-134 -95 157 0
-134 96 -157 0
-134 -96 157 0
-134 97 -157 0
-134 -97 157 0
-134 98 -157 0
-134 -98 157 0
-134 99 -157 0
-134 -99 157 0
-135 68 -154 2 0
-135 68 -155 -2 0
-135 -68 154 2 0
-135 -68 155 -2 0
-135 69 -156 3 0
-135 69 -157 -3 0
-135 -69 156 3 0
-135 -69 157 -3 0
-135 70 -154 4 0
-135 70 -155 -4 0
-135 -70 154 4 0
-135 -70 155 -4 0
-135 71 -156 5 0
-135 71 -157 -5 0
-135 -71 156 5 0
-135 -71 157 -5 0
-135 72 -154 6 0
-135 72 -155 -6 0
-135 -72 154 6 0
-135 -72 155 -6 0
-135 73 -156 7 0
-135 73 -157 -7 0
-135 -73 156 7 0
-135 -73 157 -7 0
-135 74 -154 8 0
-135 74 -155 -8 0
-135 -74 154 8 0
-135 -74 155 -8 0
-135 75 -156 9 0
-135 75 -157 -9 0
-135 -75 156 9 0
-135 -75 157 -9 0
-135 76 -154 10 0
-135 76 -155 -10 0
-135 -76 154 10 0
-135 -76 155 -10 0
-135 77 -156 11 0
-135 77 -157 -11 0
-135 -77 156 11 0
-135 -77 157 -11 0
-135 78 -154 12 0
-135 78 -155 -12 0
-135 -78 154 12 0
-135 -78 155 -12 0
-135 79 -156 13 0
-135 79 -157 -13 0
-135 -79 156 13 0
-135 -79 157 -13 0
-135 80 -154 14 0
-135 80 -155 -14 0
-135 -80 154 14 0
-135 -80 155 -14 0
-135 81 -156 15 0
-135 81 -157 -15 0
-135 -81 156 15 0
-135 -81 157 -15 0
-135 82 -154 16 0
-135 82 -155 -16 0
-135 -82 154 16 0
-135 -82 155 -16 0
-135 83 -156 17 0
-135 83 -157 -17 0
-135 -83 156 17 0
-135 -83 157 -17 0
-135 84 -154 18 0
-135 84 -155 -18 0
-135 -84 154 18 0
-135 -84 155 -18 0
-135 85 -156 19 0
-135 85 -157 -19 0
-135 -85 156 19 0
-135 -85 157 -19 0
-135 86 -154 20 0
-135 86 -155 -20 0
-135 -86 154 20 0
-135 -86 155 -20 0
-135 87 -156 21 0
-135 87 -157 -21 0
-135 -87 156 21 0
-135 -87 157 -21 0
-135 88 -154 22 0
-135 88 -155 -22 0
-135 -88 154 22 0
-135 -88 155 -22 0
-135 89 -156 23 0
-135 89 -157 -23 0
-135 -89 156 23 0
-135 -89 157 -23 0
-135 90 -154 24 0
-135 90 -155 -24 0
-135 -90 154 24 0
-135 -90 155 -24 0
-135 91 -156 25 0
-135 91 -157 -25 0
-135 -91 156 25 0
-135 -91 157 -25 0
-135 92 -154 26 0
-135 92 -155 -26 0
-135 -92 154 26 0
-135 -92 155 -26 0
-135 93 -156 27 0
-135 93 -157 -27 0
-135 -93 156 27 0
-135 -93 157 -27 0
-135 94 -154 28 0
-135 94 -155 -28 0
-135 -94 154 28 0
-135 -94 155 -28 0
-135 95 -156 29 0
-135 95 -157 -29 0
-135 -95 156 29 0
-135 -95 157 -29 0
-135 96 -154 30 0
-135 96 -155 -30 0
-135 -96 154 30 0
-135 -96 155 -30 0
-135 97 -156 31 0
-135 97 -157 -31 0
-135 -97 156 31 0
-135 -97 157 -31 0
-135 98 -154 32 0
-135 98 -155 -32 0
-135 -98 154 32 0
-135 -98 155 -32 0
-135 99 -156 33 0
-135 99 -157 -33 0
-135 -99 156 33 0
-135 -99 157 -33 0
-136 68 -154 2 0
-136 68 -155 -2 0
-136 -68 154 2 0
-136 -68 155 -2 0
-136 69 -154 3 0
-136 69 -155 -3 0
-136 -69 154 3 0
-136 -69 155 -3 0
-136 70 -156 4 0
-136 70 -157 -4 0
-136 -70 156 4 0
-136 -70 157 -4 0
-136 71 -156 5 0
-136 71 -157 -5 0
-136 -71 156 5 0
-136 -71 157 -5 0
-136 72 -154 6 0
-136 72 -155 -6 0
-136 -72 154 6 0
-136 -72 155 -6 0
-136 73 -154 7 0
-136 73 -155 -7 0
-136 -73 154 7 0
-136 -73 155 -7 0
-136 74 -156 8 0
-136 74 -157 -8 0
-136 -74 156 8 0
-136 -74 157 -8 0
-136 75 -156 9 0
-136 75 -157 -9 0
-136 -75 156 9 0
-136 -75 157 -9 0
-136 76 -154 10 0
-136 76 -155 -10 0
-136 -76 154 10 0
-136 -76 155 -10 0
-136 77 -154 11 0
-136 77 -155 -11 0
-136 -77 154 11 0
-136 -77 155 -11 0
-136 78 -156 12 0
-136 78 -157 -12 0
-136 -78 156 12 0
-136 -78 157 -12 0
-136 79 -156 13 0
-136 79 -157 -13 0
-136 -79 156 13 0
-136 -79 157 -13 0
-136 80 -154 14 0
-136 80 -155 -14 0
-136 -80 154 14 0
-136 -80 155 -14 0
-136 81 -154 15 0
-136 81 -155 -15 0
-136 -81 154 15 0
-136 -81 155 -15 0
-136 82 -156 16 0
-136 82 -157 -16 0
-136 -82 156 16 0
-136 -82 157 -16 0
-136 83 -156 17 0
-136 83 -157 -17 0
-136 -83 156 17 0
-136 -83 157 -17 0
-136 84 -154 18 0
-136 84 -155 -18 0
-136 -84 154 18 0
-136 -84 155 -18 0
-136 85 -154 19 0
-136 85 -155 -19 0
-136 -85 154 19 0
-136 -85 155 -19 0
-136 86 -156 20 0
-136 86 -157 -20 0
-136 -86 156 20 0
-136 -86 157 -20 0
-136 87 -156 21 0
-136 87 -157 -21 0
-136 -87 156 21 0
-136 -87 157 -21 0
-136 88 -154 22 0
-136 88 -155 -22 0
-136 -88 154 22 0
-136 -88 155 -22 0
-136 89 -154 23 0
-136 89 -155 -23 0
-136 -89 154 23 0
-136 -89 155 -23 0
-136 90 -156 24 0
-136 90 -157 -24 0
-136 -90 156 24 0
-136 -90 157 -24 0
-136 91 -156 25 0
-136 91 -157 -25 0
-136 -91 156 25 0
-136 -91 157 -25 0
-136 92 -154 26 0
-136 92 -155 -26 0
-136 -92 154 26 0
-136 -92 155 -26 0
-136 93 -154 27 0
-136 93 -155 -27 0
-136 -93 154 27 0
-136 -93 155 -27 0
-136 94 -156 28 0
-136 94 -157 -28 0
-136 -94 156 28 0
-136 -94 157 -28 0
-136 95 -156 29 0
-136 95 -157 -29 0
-136 -95 156 29 0
-136 -95 157 -29 0
-136 96 -154 30 0
-136 96 -155 -30 0
-136 -96 154 30 0
-136 -96 155 -30 0
-136 97 -154 31 0
-136 97 -155 -31 0
-136 -97 154 31 0
-136 -97 155 -31 0
-136 98 -156 32 0
-136 98 -157 -32 0
-136 -98 156 32 0
-136 -98 157 -32 0
-136 99 -156 33 0
-136 99 -157 -33 0
-136 -99 156 33 0
-136 -99 157 -33 0
-137 68 -154 2 0
-137 68 -155 -2 0
-137 -68 154 2 0
-137 -68 155 -2 0
-137 69 -154 3 0
-137 69 -155 -3 0
-137 -69 154 3 0
-137 -69 155 -3 0
-137 70 -154 4 0
-137 70 -155 -4 0
-137 -70 154 4 0
-137 -70 155 -4 0
-137 71 -154 5 0
-137 71 -155 -5 0
-137 -71 154 5 0
-137 -71 155 -5 0
-137 72 -156 6 0
-137 72 -157 -6 0
-137 -72 156 6 0
-137 -72 157 -6 0
-137 73 -156 7 0
-137 73 -157 -7 0
-137 -73 156 7 0
-137 -73 157 -7 0
-137 74 -156 8 0
-137 74 -157 -8 0
-137 -74 156 8 0
-137 -74 157 -8 0
-137 75 -156 9 0
-137 75 -157 -9 0
-137 -75 156 9 0
-137 -75 157 -9 0
-137 76 -154 10 0
-137 76 -155 -10 0
-137 -76 154 10 0
-137 -76 155 -10 0
-137 77 -154 11 0
-137 77 -155 -11 0
-137 -77 154 11 0
-137 -77 155 -11 0
-137 78 -154 12 0
-137 78 -155 -12 0
-137 -78 154 12 0
-137 -78 155 -12 0
-137 79 -154 13 0
-137 79 -155 -13 0
-137 -79 154 13 0
-137 -79 155 -13 0
-137 80 -156 14 0
-137 80 -157 -14 0
-137 -80 156 14 0
-137 -80 157 -14 0
-137 81 -156 15 0
-137 81 -157 -15 0
-137 -81 156 15 0
-137 -81 157 -15 0
-137 82 -156 16 0
-137 82 -157 -16 0
-137 -82 156 16 0
-137 -82 157 -16 0
-137 83 -156 17 0
-137 83 -157 -17 0
-137 -83 156 17 0
-137 -83 157 -17 0
-137 84 -154 18 0
-137 84 -155 -18 0
-137 -84 154 18 0
-137 -84 155 -18 0
-137 85 -154 19 0
-137 85 -155 -19 0
-137 -85 154 19 0
-137 -85 155 -19 0
-137 86 -154 20 0
-137 86 -155 -20 0
-137 -86 154 20 0
-137 -86 155 -20 0
-137 87 -154 21 0
-137 87 -155 -21 0
-137 -87 154 21 0
-137 -87 155 -21 0
-137 88 -156 22 0
-137 88 -157 -22 0
-137 -88 156 22 0
-137 -88 157 -22 0
-137 89 -156 23 0
-137 89 -157 -23 0
-137 -89 156 23 0
-137 -89 157 -23 0
-137 90 -156 24 0
-137 90 -157 -24 0
-137 -90 156 24 0
-137 -90 157 -24 0
-137 91 -156 25 0
-137 91 -157 -25 0
-137 -91 156 25 0
-137 -91 157 -25 0
-137 92 -154 26 0
-137 92 -155 -26 0
-137 -92 154 26 0
-137 -92 155 -26 0
-137 93 -154 27 0
-137 93 -155 -27 0
-137 -93 154 27 0
-137 -93 155 -27 0
-137 94 -154 28 0
-137 94 -155 -28 0
-137 -94 154 28 0
-137 -94 155 -28 0
-137 95 -154 29 0
-137 95 -155 -29 0
-137 -95 154 29 0
-137 -95 155 -29 0
-137 96 -156 30 0
-137 96 -157 -30 0
-137 -96 156 30 0
-137 -96 157 -30 0
-137 97 -156 31 0
-137 97 -157 -31 0
-137 -97 156 31 0
-137 -97 157 -31 0
-137 98 -156 32 0
-137 98 -157 -32 0
-137 -98 156 32 0
-137 -98 157 -32 0
-137 99 -156 33 0
-137 99 -157 -33 0
-137 -99 156 33 0
-137 -99 157 -33 0
-138 68 -154 2 0
-138 68 -155 -2 0
-138 -68 154 2 0
-138 -68 155 -2 0
-138 69 -154 3 0
-138 69 -155 -3 0
-138 -69 154 3 0
-138 -69 155 -3 0
-138 70 -154 4 0
-138 70 -155 -4 0
-138 -70 154 4 0
-138 -70 155 -4 0
-138 71 -154 5 0
-138 71 -155 -5 0
-138 -71 154 5 0
-138 -71 155 -5 0
-138 72 -154 6 0
-138 72 -155 -6 0
-138 -72 154 6 0
-138 -72 155 -6 0
-138 73 -154 7 0
-138 73 -155 -7 0
-138 -73 154 7 0
-138 -73 155 -7 0
-138 74 -154 8 0
-138 74 -155 -8 0
-138 -74 154 8 0
-138 -74 155 -8 0
-138 75 -154 9 0
-138 75 -155 -9 0
-138 -75 154 9 0
-138 -75 155 -9 0
-138 76 -156 10 0
-138 76 -157 -10 0
-138 -76 156 10 0
-138 -76 157 -10 0
-138 77 -156 11 0
-138 77 -157 -11 0
-138 -77 156 11 0
-138 -77 157 -11 0
-138 78 -156 12 0
-138 78 -157 -12 0
-138 -78 156 12 0
-138 -78 157 -12 0
-138 79 -156 13 0
-138 79 -157 -13 0
-138 -79 156 13 0
-138 -79 157 -13 0
-138 80 -156 14 0
-138 80 -157 -14 0
-138 -80 156 14 0
-138 -80 157 -14 0
-138 81 -156 15 0
-138 81 -157 -15 0
-138 -81 156 15 0
-138 -81 157 -15 0
-138 82 -156 16 0
-138 82 -157 -16 0
-138 -82 156 16 0
-138 -82 157 -16 0
-138 83 -156 17 0
-138 83 -157 -17 0
-138 -83 156 17 0
-138 -83 157 -17 0
-138 84 -154 18 0
-138 84 -155 -18 0
-138 -84 154 18 0
-138 -84 155 -18 0
-138 85 -154 19 0
-138 85 -155 -19 0
-138 -85 154 19 0
-138 -85 155 -19 0
-138 86 -154 20 0
-138 86 -155 -20 0
-138 -86 154 20 0
-138 -86 155 -20 0
-138 87 -154 21 0
-138 87 -155 -21 0
-138 -87 154 21 0
-138 -87 155 -21 0
-138 88 -154 22 0
-138 88 -155 -22 0
-138 -88 154 22 0
-138 -88 155 -22 0
-138 89 -154 23 0
-138 89 -155 -23 0
-138 -89 154 23 0
-138 -89 155 -23 0
-138 90 -154 24 0
-138 90 -155 -24 0
-138 -90 154 24 0
-138 -90 155 -24 0
-138 91 -154 25 0
-138 91 -155 -25 0
-138 -91 154 25 0
-138 -91 155 -25 0
-138 92 -156 26 0
-138 92 -157 -26 0
-138 -92 156 26 0
-138 -92 157 -26 0
-138 93 -156 27 0
-138 93 -157 -27 0
-138 -93 156 27 0
-138 -93 157 -27 0
-138 94 -156 28 0
-138 94 -157 -28 0
-138 -94 156 28 0
-138 -94 157 -28 0
-138 95 -156 29 0
-138 95 -157 -29 0
-138 -95 156 29 0
-138 -95 157 -29 0
-138 96 -156 30 0
-138 96 -157 -30 0
-138 -96 156 30 0
-138 -96 157 -30 0
-138 97 -156 31 0
-138 97 -157 -31 0
-138 -97 156 31 0
-138 -97 157 -31 0
-138 98 -156 32 0
-138 98 -157 -32 0
-138 -98 156 32 0
-138 -98 157 -32 0
-138 99 -156 33 0
-138 99 -157 -33 0
-138 -99 156 33 0
-138 -99 157 -33 0
-139 68 -154 2 0
-139 68 -155 -2 0
-139 -68 154 2 0
-139 -68 155 -2 0
-139 69 -154 3 0
-139 69 -155 -3 0
-139 -69 154 3 0
-139 -69 155 -3 0
-139 70 -154 4 0
-139 70 -155 -4 0
-139 -70 154 4 0
-139 -70 155 -4 0
-139 71 -154 5 0
-139 71 -155 -5 0
-139 -71 154 5 0
-139 -71 155 -5 0
-139 72 -154 6 0
-139 72 -155 -6 0
-139 -72 154 6 0
-139 -72 155 -6 0
-139 73 -154 7 0
-139 73 -155 -7 0
-139 -73 154 7 0
-139 -73 155 -7 0
-139 74 -154 8 0
-139 74 -155 -8 0
-139 -74 154 8 0
-139 -74 155 -8 0
-139 75 -154 9 0
-139 75 -155 -9 0
-139 -75 154 9 0
-139 -75 155 -9 0
-139 76 -154 10 0
-139 76 -155 -10 0
-139 -76 154 10 0
-139 -76 155 -10 0
-139 77 -154 11 0
-139 77 -155 -11 0
-139 -77 154 11 0
-139 -77 155 -11 0
-139 78 -154 12 0
-139 78 -155 -12 0
-139 -78 154 12 0
-139 -78 155 -12 0
-139 79 -154 13 0
-139 79 -155 -13 0
-139 -79 154 13 0
-139 -79 155 -13 0
-139 80 -154 14 0
-139 80 -155 -14 0
-139 -80 154 14 0
-139 -80 155 -14 0
-139 81 -154 15 0
-139 81 -155 -15 0
-139 -81 154 15 0
-139 -81 155 -15 0
-139 82 -154 16 0
-139 82 -155 -16 0
-139 -82 154 16 0
-139 -82 155 -16 0
-139 83 -154 17 0
-139 83 -155 -17 0
-139 -83 154 17 0
-139 -83 155 -17 0
-139 84 -156 18 0
-139 84 -157 -18 0
-139 -84 156 18 0
-139 -84 157 -18 0
-139 85 -156 19 0
-139 85 -157 -19 0
-139 -85 156 19 0
-139 -85 157 -19 0
-139 86 -156 20 0
-139 86 -157 -20 0
-139 -86 156 20 0
-139 -86 157 -20 0
-139 87 -156 21 0
-139 87 -157 -21 0
-139 -87 156 21 0
-139 -87 157 -21 0
-139 88 -156 22 0
-139 88 -157 -22 0
-139 -88 156 22 0
-139 -88 157 -22 0
-139 89 -156 23 0
-139 89 -157 -23 0
-139 -89 156 23 0
-139 -89 157 -23 0
-139 90 -156 24 0
-139 90 -157 -24 0
-139 -90 156 24 0
-139 -90 157 -24 0
-139 91 -156 25 0
-139 91 -157 -25 0
-139 -91 156 25 0
-139 -91 157 -25 0
-139 92 -156 26 0
-139 92 -157 -26 0
-139 -92 156 26 0
-139 -92 157 -26 0
-139 93 -156 27 0
-139 93 -157 -27 0
-139 -93 156 27 0
-139 -93 157 -27 0
-139 94 -156 28 0
-139 94 -157 -28 0
-139 -94 156 28 0
-139 -94 157 -28 0
-139 95 -156 29 0
-139 95 -157 -29 0
-139 -95 156 29 0
-139 -95 157 -29 0
-139 96 -156 30 0
-139 96 -157 -30 0
-139 -96 156 30 0
-139 -96 157 -30 0
-139 97 -156 31 0
-139 97 -157 -31 0
-139 -97 156 31 0
-139 -97 157 -31 0
-139 98 -156 32 0
-139 98 -157 -32 0
-139 -98 156 32 0
-139 -98 157 -32 0
-139 99 -156 33 0
-139 99 -157 -33 0
-139 -99 156 33 0
-139 -99 157 -33 0
-140 68 -154 35 0
-140 68 -155 -35 0
-140 -68 154 35 0
-140 -68 155 -35 0
-140 69 -156 36 0
-140 69 -157 -36 0
-140 -69 156 36 0
-140 -69 157 -36 0
-140 70 -154 37 0
-140 70 -155 -37 0
-140 -70 154 37 0
-140 -70 155 -37 0
-140 71 -156 38 0
-140 71 -157 -38 0
-140 -71 156 38 0
-140 -71 157 -38 0
-140 72 -154 39 0
-140 72 -155 -39 0
-140 -72 154 39 0
-140 -72 155 -39 0
-140 73 -156 40 0
-140 73 -157 -40 0
-140 -73 156 40 0
-140 -73 157 -40 0
-140 74 -154 41 0
-140 74 -155 -41 0
-140 -74 154 41 0
-140 -74 155 -41 0
-140 75 -156 42 0
-140 75 -157 -42 0
-140 -75 156 42 0
-140 -75 157 -42 0
-140 76 -154 43 0
-140 76 -155 -43 0
-140 -76 154 43 0
-140 -76 155 -43 0
-140 77 -156 44 0
-140 77 -157 -44 0
-140 -77 156 44 0
-140 -77 157 -44 0
-140 78 -154 45 0
-140 78 -155 -45 0
-140 -78 154 45 0
-140 -78 155 -45 0
-140 79 -156 46 0
-140 79 -157 -46 0
-140 -79 156 46 0
-140 -79 157 -46 0
-140 80 -154 47 0
-140 80 -155 -47 0
-140 -80 154 47 0
-140 -80 155 -47 0
-140 81 -156 48 0
-140 81 -157 -48 0
-140 -81 156 48 0
-140 -81 157 -48 0
-140 82 -154 49 0
-140 82 -155 -49 0
-140 -82 154 49 0
-140 -82 155 -49 0
-140 83 -156 50 0
-140 83 -157 -50 0
-140 -83 156 50 0
-140 -83 157 -50 0
-140 84 -154 51 0
-140 84 -155 -51 0
-140 -84 154 51 0
-140 -84 155 -51 0
-140 85 -156 52 0
-140 85 -157 -52 0
-140 -85 156 52 0
-140 -85 157 -52 0
-140 86 -154 53 0
-140 86 -155 -53 0
-140 -86 154 53 0
-140 -86 155 -53 0
-140 87 -156 54 0
-140 87 -157 -54 0
-140 -87 156 54 0
-140 -87 157 -54 0
-140 88 -154 55 0
-140 88 -155 -55 0
-140 -88 154 55 0
-140 -88 155 -55 0
-140 89 -156 56 0
-140 89 -157 -56 0
-140 -89 156 56 0
-140 -89 157 -56 0
-140 90 -154 57 0
-140 90 -155 -57 0
-140 -90 154 57 0
-140 -90 155 -57 0
-140 91 -156 58 0
-140 91 -157 -58 0
-140 -91 156 58 0
-140 -91 157 -58 0
-140 92 -154 59 0
-140 92 -155 -59 0
-140 -92 154 59 0
-140 -92 155 -59 0
-140 93 -156 60 0
-140 93 -157 -60 0
-140 -93 156 60 0
-140 -93 157 -60 0
-140 94 -154 61 0
-140 94 -155 -61 0
-140 -94 154 61 0
-140 -94 155 -61 0
-140 95 -156 62 0
-140 95 -157 -62 0
-140 -95 156 62 0
-140 -95 157 -62 0
-140 96 -154 63 0
-140 96 -155 -63 0
-140 -96 154 63 0
-140 -96 155 -63 0
-140 97 -156 64 0
-140 97 -157 -64 0
-140 -97 156 64 0
-140 -97 157 -64 0
-140 98 -154 65 0
-140 98 -155 -65 0
-140 -98 154 65 0
-140 -98 155 -65 0
-140 99 -156 66 0
-140 99 -157 -66 0
-140 -99 156 66 0
-140 -99 157 -66 0
-141 68 -154 35 0
-141 68 -155 -35 0
-141 -68 154 35 0
-141 -68 155 -35 0
-141 69 -154 36 0
-141 69 -155 -36 0
-141 -69 154 36 0
-141 -69 155 -36 0
-141 70 -156 37 0
-141 70 -157 -37 0
-141 -70 156 37 0
-141 -70 157 -37 0
-141 71 -156 38 0
-141 71 -157 -38 0
-141 -71 156 38 0
-141 -71 157 -38 0
-141 72 -154 39 0
-141 72 -155 -39 0
-141 -72 154 39 0
-141 -72 155 -39 0
-141 73 -154 40 0
-141 73 -155 -40 0
-141 -73 154 40 0
-141 -73 155 -40 0
-141 74 -156 41 0
-141 74 -157 -41 0
-141 -74 156 41 0
-141 -74 157 -41 0
-141 75 -156 42 0
-141 75 -157 -42 0
-141 -75 156 42 0
-141 -75 157 -42 0
-141 76 -154 43 0
-141 76 -155 -43 0
-141 -76 154 43 0
-141 -76 155 -43 0
-141 77 -154 44 0
-141 77 -155 -44 0
-141 -77 154 44 0
-141 -77 155 -44 0
-141 78 -156 45 0
-141 78 -157 -45 0
-141 -78 156 45 0
-141 -78 157 -45 0
-141 79 -156 46 0
-141 79 -157 -46 0
-141 -79 156 46 0
-141 -79 157 -46 0
-141 80 -154 47 0
-141 80 -155 -47 0
-141 -80 154 47 0
-141 -80 155 -47 0
-141 81 -154 48 0
-141 81 -155 -48 0
-141 -81 154 48 0
-141 -81 155 -48 0
-141 82 -156 49 0
-141 82 -157 -49 0
-141 -82 156 49 0
-141 -82 157 -49 0
-141 83 -156 50 0
-141 83 -157 -50 0
-141 -83 156 50 0
-141 -83 157 -50 0
-141 84 -154 51 0
-141 84 -155 -51 0
-141 -84 154 51 0
-141 -84 155 -51 0
-141 85 -154 52 0
-141 85 -155 -52 0
-141 -85 154 52 0
-141 -85 155 -52 0
-141 86 -156 53 0
-141 86 -157 -53 0
-141 -86 156 53 0
-141 -86 157 -53 0
-141 87 -156 54 0
-141 87 -157 -54 0
-141 -87 156 54 0
-141 -87 157 -54 0
-141 88 -154 55 0
-141 88 -155 -55 0
-141 -88 154 55 0
-141 -88 155 -55 0
-141 89 -154 56 0
-141 89 -155 -56 0
-141 -89 154 56 0
-141 -89 155 -56 0
-141 90 -156 57 0
-141 90 -157 -57 0
-141 -90 156 57 0
-141 -90 157 -57 0
-141 91 -156 58 0
-141 91 -157 -58 0
-141 -91 156 58 0
-141 -91 157 -58 0
-141 92 -154 59 0
-141 92 -155 -59 0
-141 -92 154 59 0
-141 -92 155 -59 0
-141 93 -154 60 0
-141 93 -155 -60 0
-141 -93 154 60 0
-141 -93 155 -60 0
-141 94 -156 61 0
-141 94 -157 -61 0
-141 -94 156 61 0
-141 -94 157 -61 0
-141 95 -156 62 0
-141 95 -157 -62 0
-141 -95 156 62 0
-141 -95 157 -62 0
-141 96 -154 63 0
-141 96 -155 -63 0
-141 -96 154 63 0
-141 -96 155 -63 0
-141 97 -154 64 0
-141 97 -155 -64 0
-141 -97 154 64 0
-141 -97 155 -64 0
-141 98 -156 65 0
-141 98 -157 -65 0
-141 -98 156 65 0
-141 -98 157 -65 0
-141 99 -156 66 0
-141 99 -157 -66 0
-141 -99 156 66 0
-141 -99 157 -66 0
-142 68 -154 35 0
-142 68 -155 -35 0
-142 -68 154 35 0
-142 -68 155 -35 0
-142 69 -154 36 0
-142 69 -155 -36 0
-142 -69 154 36 0
-142 -69 155 -36 0
-142 70 -154 37 0
-142 70 -155 -37 0
-142 -70 154 37 0
-142 -70 155 -37 0
-142 71 -154 38 0
-142 71 -155 -38 0
-142 -71 154 38 0
-142 -71 155 -38 0
-142 72 -156 39 0
-142 72 -157 -39 0
-142 -72 156 39 0
-142 -72 157 -39 0
-142 73 -156 40 0
-142 73 -157 -40 0
-142 -73 156 40 0
-142 -73 157 -40 0
-142 74 -156 41 0
-142 74 -157 -41 0
-142 -74 156 41 0
-142 -74 157 -41 0
-142 75 -156 42 0
-142 75 -157 -42 0
-142 -75 156 42 0
-142 -75 157 -42 0
-142 76 -154 43 0
-142 76 -155 -43 0
-142 -76 154 43 0
-142 -76 155 -43 0
-142 77 -154 44 0
-142 77 -155 -44 0
-142 -77 154 44 0
-142 -77 155 -44 0
-142 78 -154 45 0
-142 78 -155 -45 0
-142 -78 154 45 0
-142 -78 155 -45 0
-142 79 -154 46 0
-142 79 -155 -46 0
-142 -79 154 46 0
-142 -79 155 -46 0
-142 80 -156 47 0
-142 80 -157 -47 0
-142 -80 156 47 0
-142 -80 157 -47 0
-142 81 -156 48 0
-142 81 -157 -48 0
-142 -81 156 48 0
-142 -81 157 -48 0
-142 82 -156 49 0
-142 82 -157 -49 0
-142 -82 156 49 0
-142 -82 157 -49 0
-142 83 -156 50 0
-142 83 -157 -50 0
-142 -83 156 50 0
-142 -83 157 -50 0
-142 84 -154 51 0
-142 84 -155 -51 0
-142 -84 154 51 0
-142 -84 155 -51 0
-142 85 -154 52 0
-142 85 -155 -52 0
-142 -85 154 52 0
-142 -85 155 -52 0
-142 86 -154 53 0
-142 86 -155 -53 0
-142 -86 154 53 0
-142 -86 155 -53 0
-142 87 -154 54 0
-142 87 -155 -54 0
-142 -87 154 54 0
-142 -87 155 -54 0
-142 88 -156 55 0
-142 88 -157 -55 0
-142 -88 156 55 0
-142 -88 157 -55 0
-142 89 -156 56 0
-142 89 -157 -56 0
-142 -89 156 56 0
-142 -89 157 -56 0
-142 90 -156 57 0
-142 90 -157 -57 0
-142 -90 156 57 0
-142 -90 157 -57 0
-142 91 -156 58 0
-142 91 -157 -58 0
-142 -91 156 58 0
-142 -91 157 -58 0
-142 92 -154 59 0
-142 92 -155 -59 0
-142 -92 154 59 0
-142 -92 155 -59 0
-142 93 -154 60 0
-142 93 -155 -60 0
-142 -93 154 60 0
-142 -93 155 -60 0
-142 94 -154 61 0
-142 94 -155 -61 0
-142 -94 154 61 0
-142 -94 155 -61 0
-142 95 -154 62 0
-142 95 -155 -62 0
-142 -95 154 62 0
-142 -95 155 -62 0
-142 96 -156 63 0
-142 96 -157 -63 0
-142 -96 156 63 0
-142 -96 157 -63 0
-142 97 -156 64 0
-142 97 -157 -64 0
-142 -97 156 64 0
-142 -97 157 -64 0
-142 98 -156 65 0
-142 98 -157 -65 0
-142 -98 156 65 0
-142 -98 157 -65 0
-142 99 -156 66 0
-142 99 -157 -66 0
-142 -99 156 66 0
-142 -99 157 -66 0
-143 68 -154 35 0
-143 68 -155 -35 0
-143 -68 154 35 0
-143 -68 155 -35 0
-143 69 -154 36 0
-143 69 -155 -36 0
-143 -69 154 36 0
-143 -69 155 -36 0
-143 70 -154 37 0
-143 70 -155 -37 0
-143 -70 154 37 0
-143 -70 155 -37 0
-143 71 -154 38 0
-143 71 -155 -38 0
-143 -71 154 38 0
-143 -71 155 -38 0
-143 72 -154 39 0
-143 72 -155 -39 0
-143 -72 154 39 0
-143 -72 155 -39 0
-143 73 -154 40 0
-143 73 -155 -40 0
-143 -73 154 40 0
-143 -73 155 -40 0
-143 74 -154 41 0
-143 74 -155 -41 0
-143 -74 154 41 0
-143 -74 155 -41 0
-143 75 -154 42 0
-143 75 -155 -42 0
-143 -75 154 42 0
-143 -75 155 -42 0
-143 76 -156 43 0
-143 76 -157 -43 0
-143 -76 156 43 0
-143 -76 157 -43 0
-143 77 -156 44 0
-143 77 -157 -44 0
-143 -77 156 44 0
-143 -77 157 -44 0
-143 78 -156 45 0
-143 78 -157 -45 0
-143 -78 156 45 0
-143 -78 157 -45 0
-143 79 -156 46 0
-143 79 -157 -46 0
-143 -79 156 46 0
-143 -79 157 -46 0
-143 80 -156 47 0
-143 80 -157 -47 0
-143 -80 156 47 0
-143 -80 157 -47 0
-143 81 -156 48 0
-143 81 -157 -48 0
-143 -81 156 48 0
-143 -81 157 -48 0
-143 82 -156 49 0
-143 82 -157 -49 0
-143 -82 156 49 0
-143 -82 157 -49 0
-143 83 -156 50 0
-143 83 -157 -50 0
-143 -83 156 50 0
-143 -83 157 -50 0
-143 84 -154 51 0
-143 84 -155 -51 0
-143 -84 154 51 0
-143 -84 155 -51 0
-143 85 -154 52 0
-143 85 -155 -52 0
-143 -85 154 52 0
-143 -85 155 -52 0
-143 86 -154 53 0
-143 86 -155 -53 0
-143 -86 154 53 0
-143 -86 155 -53 0
-143 87 -154 54 0
-143 87 -155 -54 0
-143 -87 154 54 0
-143 -87 155 -54 0
-143 88 -154 55 0
-143 88 -155 -55 0
-143 -88 154 55 0
-143 -88 155 -55 0
-143 89 -154 56 0
-143 89 -155 -56 0
-143 -89 154 56 0
-143 -89 155 -56 0
-143 90 -154 57 0
-143 90 -155 -57 0
-143 -90 154 57 0
-143 -90 155 -57 0
-143 91 -154 58 0
-143 91 -155 -58 0
-143 -91 154 58 0
-143 -91 155 -58 0
-143 92 -156 59 0
-143 92 -157 -59 0
-143 -92 156 59 0
-143 -92 157 -59 0
-143 93 -156 60 0
-143 93 -157 -60 0
-143 -93 156 60 0
-143 -93 157 -60 0
-143 94 -156 61 0
-143 94 -157 -61 0
-143 -94 156 61 0
-143 -94 157 -61 0
-143 95 -156 62 0
-143 95 -157 -62 0
-143 -95 156 62 0
-143 -95 157 -62 0
-143 96 -156 63 0
-143 96 -157 -63 0
-143 -96 156 63 0
-143 -96 157 -63 0
-143 97 -156 64 0
-143 97 -157 -64 0
-143 -97 156 64 0
-143 -97 157 -64 0
-143 98 -156 65 0
-143 98 -157 -65 0
-143 -98 156 65 0
-143 -98 157 -65 0
-143 99 -156 66 0
-143 99 -157 -66 0
-143 -99 156 66 0
-143 -99 157 -66 0
-144 68 -154 35 0
-144 68 -155 -35 0
-144 -68 154 35 0
-144 -68 155 -35 0
-144 69 -154 36 0
-144 69 -155 -36 0
-144 -69 154 36 0
-144 -69 155 -36 0
-144 70 -154 37 0
-144 70 -155 -37 0
-144 -70 154 37 0
-144 -70 155 -37 0
-144 71 -154 38 0
-144 71 -155 -38 0
-144 -71 154 38 0
-144 -71 155 -38 0
-144 72 -154 39 0
-144 72 -155 -39 0
-144 -72 154 39 0
-144 -72 155 -39 0
-144 73 -154 40 0
-144 73 -155 -40 0
-144 -73 154 40 0
-144 -73 155 -40 0
-144 74 -154 41 0
-144 74 -155 -41 0
-144 -74 154 41 0
-144 -74 155 -41 0
-144 75 -154 42 0
-144 75 -155 -42 0
-144 -75 154 42 0
-144 -75 155 -42 0
-144 76 -154 43 0
-144 76 -155 -43 0
-144 -76 154 43 0
-144 -76 155 -43 0
-144 77 -154 44 0
-144 77 -155 -44 0
-144 -77 154 44 0
-144 -77 155 -44 0
-144 78 -154 45 0
-144 78 -155 -45 0
-144 -78 154 45 0
-144 -78 155 -45 0
-144 79 -154 46 0
-144 79 -155 -46 0
-144 -79 154 46 0
-144 -79 155 -46 0
-144 80 -154 47 0
-144 80 -155 -47 0
-144 -80 154 47 0
-144 -80 155 -47 0
-144 81 -154 48 0
-144 81 -155 -48 0
-144 -81 154 48 0
-144 -81 155 -48 0
-144 82 -154 49 0
-144 82 -155 -49 0
-144 -82 154 49 0
-144 -82 155 -49 0
-144 83 -154 50 0
-144 83 -155 -50 0
-144 -83 154 50 0
-144 -83 155 -50 0
-144 84 -156 51 0
-144 84 -157 -51 0
-144 -84 156 51 0
-144 -84 157 -51 0
-144 85 -156 52 0
-144 85 -157 -52 0
-144 -85 156 52 0
-144 -85 157 -52 0
-144 86 -156 53 0
-144 86 -157 -53 0
-144 -86 156 53 0
-144 -86 157 -53 0
-144 87 -156 54 0
-144 87 -157 -54 0
-144 -87 156 54 0
-144 -87 157 -54 0
-144 88 -156 55 0
-144 88 -157 -55 0
-144 -88 156 55 0
-144 -88 157 -55 0
-144 89 -156 56 0
-144 89 -157 -56 0
-144 -89 156 56 0
-144 -89 157 -56 0
-144 90 -156 57 0
-144 90 -157 -57 0
-144 -90 156 57 0
-144 -90 157 -57 0
-144 91 -156 58 0
-144 91 -157 -58 0
-144 -91 156 58 0
-144 -91 157 -58 0
-144 92 -156 59 0
-144 92 -157 -59 0
-144 -92 156 59 0
-144 -92 157 -59 0
-144 93 -156 60 0
-144 93 -157 -60 0
-144 -93 156 60 0
-144 -93 157 -60 0
-144 94 -156 61 0
-144 94 -157 -61 0
-144 -94 156 61 0
-144 -94 157 -61 0
-144 95 -156 62 0
-144 95 -157 -62 0
-144 -95 156 62 0
-144 -95 157 -62 0
-144 96 -156 63 0
-144 96 -157 -63 0
-144 -96 156 63 0
-144 -96 157 -63 0
-144 97 -156 64 0
-144 97 -157 -64 0
-144 -97 156 64 0
-144 -97 157 -64 0
-144 98 -156 65 0
-144 98 -157 -65 0
-144 -98 156 65 0
-144 -98 157 -65 0
-144 99 -156 66 0
-144 99 -157 -66 0
-144 -99 156 66 0
-144 -99 157 -66 0
-145 68 -154 2 35 0
-145 68 -155 2 -35 0
-145 68 -156 -2 35 0
-145 68 -157 -2 -35 0
-145 -68 154 2 35 0
-145 -68 155 2 -35 0
-145 -68 156 -2 35 0
-145 -68 157 -2 -35 0
-145 69 -154 3 36 0
-145 69 -155 3 -36 0
-145 69 -156 -3 36 0
-145 69 -157 -3 -36 0
-145 -69 154 3 36 0
-145 -69 155 3 -36 0
-145 -69 156 -3 36 0
-145 -69 157 -3 -36 0
-145 70 -154 4 37 0
-145 70 -155 4 -37 0
-145 70 -156 -4 37 0
-145 70 -157 -4 -37 0
-145 -70 154 4 37 0
-145 -70 155 4 -37 0
-145 -70 156 -4 37 0
-145 -70 157 -4 -37 0
-145 71 -154 5 38 0
-145 71 -155 5 -38 0
-145 71 -156 -5 38 0
-145 71 -157 -5 -38 0
-145 -71 154 5 38 0
-145 -71 155 5 -38 0
-145 -71 156 -5 38 0
-145 -71 157 -5 -38 0
-145 72 -154 6 39 0
-145 72 -155 6 -39 0
-145 72 -156 -6 39 0
-145 72 -157 -6 -39 0
-145 -72 154 6 39 0
-145 -72 155 6 -39 0
-145 -72 156 -6 39 0
-145 -72 157 -6 -39 0
-145 73 -154 7 40 0
-145 73 -155 7 -40 0
-145 73 -156 -7 40 0
-145 73 -157 -7 -40 0
-145 -73 154 7 40 0
-145 -73 155 7 -40 0
-145 -73 156 -7 40 0
-145 -73 157 -7 -40 0
-145 74 -154 8 41 0
-145 74 -155 8 -41 0
-145 74 -156 -8 41 0
-145 74 -157 -8 -41 0
-145 -74 154 8 41 0
-145 -74 155 8 -41 0
-145 -74 156 -8 41 0
-145 -74 157 -8 -41 0
-145 75 -154 9 42 0
-145 75 -155 9 -42 0
-145 75 -156 -9 42 0
-145 75 -157 -9 -42 0
-145 -75 154 9 42 0
-145 -75 155 9 -42 0
-145 -75 156 -9 42 0
-145 -75 157 -9 -42 0
-145 76 -154 10 43 0
-145 76 -155 10 -43 0
-145 76 -156 -10 43 0
-145 76 -157 -10 -43 0
-145 -76 154 10 43 0
-145 -76 155 10 -43 0
-145 -76 156 -10 43 0
-145 -76 157 -10 -43 0
-145 77 -154 11 44 0
-145 77 -155 11 -44 0
-145 77 -156 -11 44 0
-145 77 -157 -11 -44 0
-145 -77 154 11 44 0
-145 -77 155 11 -44 0
-145 -77 156 -11 44 0
-145 -77 157 -11 -44 0
-145 78 -154 12 45 0
-145 78 -155 12 -45 0
-145 78 -156 -12 45 0
-145 78 -157 -12 -45 0
-145 -78 154 12 45 0
-145 -78 155 12 -45 0
-145 -78 156 -12 45 0
-145 -78 157 -12 -45 0
-145 79 -154 13 46 0
-145 79 -155 13 -46 0
-145 79 -156 -13 46 0
-145 79 -157 -13 -46 0
-145 -79 154 13 46 0
-145 -79 155 13 -46 0
-145 -79 156 -13 46 0
-145 -79 157 -13 -46 0
-145 80 -154 14 47 0
-145 80 -155 14 -47 0
-145 80 -156 -14 47 0
-145 80 -157 -14 -47 0
-145 -80 154 14 47 0
-145 -80 155 14 -47 0
-145 -80 156 -14 47 0
-145 -80 157 -14 -47 0
-145 81 -154 15 48 0
-145 81 -155 15 -48 0
-145 81 -156 -15 48 0
-145 81 -157 -15 -48 0
-145 -81 154 15 48 0
-145 -81 155 15 -48 0
-145 -81 156 -15 48 0
-145 -81 157 -15 -48 0
-145 82 -154 16 49 0
-145 82 -155 16 -49 0
-145 82 -156 -16 49 0
-145 82 -157 -16 -49 0
-145 -82 154 16 49 0
-145 -82 155 16 -49 0
-145 -82 156 -16 49 0
-145 -82 157 -16 -49 0
-145 83 -154 17 50 0
-145 83 -155 17 -50 0
-145 83 -156 -17 50 0
-145 83 -157 -17 -50 0
-145 -83 154 17 50 0
-145 -83 155 17 -50 0
-145 -83 156 -17 50 0
-145 -83 157 -17 -50 0
-145 84 -154 18 51 0
-145 84 -155 18 -51 0
-145 84 -156 -18 51 0
-145 84 -157 -18 -51 0
-145 -84 154 18 51 0
-145 -84 155 18 -51 0
-145 -84 156 -18 51 0
-145 -84 157 -18 -51 0
-145 85 -154 19 52 0
-145 85 -155 19 -52 0
-145 85 -156 -19 52 0
-145 85 -157 -19 -52 0
-145 -85 154 19 52 0
-145 -85 155 19 -52 0
-145 -85 156 -19 52 0
-145 -85 157 -19 -52 0
-145 86 -154 20 53 0
-145 86 -155 20 -53 0
-145 86 -156 -20 53 0
-145 86 -157 -20 -53 0
-145 -86 154 20 53 0
-145 -86 155 20 -53 0
-145 -86 156 -20 53 0
-145 -86 157 -20 -53 0
-145 87 -154 21 54 0
-145 87 -155 21 -54 0
-145 87 -156 -21 54 0
-145 87 -157 -21 -54 0
-145 -87 154 21 54 0
-145 -87 155 21 -54 0
-145 -87 156 -21 54 0
-145 -87 157 -21 -54 0
-145 88 -154 22 55 0
-145 88 -155 22 -55 0
-145 88 -156 -22 55 0
-145 88 -157 -22 -55 0
-145 -88 154 22 55 0
-145 -88 155 22 -55 0
-145 -88 156 -22 55 0
-145 -88 157 -22 -55 0
-145 89 -154 23 56 0
-145 89 -155 23 -56 0
-145 89 -156 -23 56 0
-145 89 -157 -23 -56 0
-145 -89 154 23 56 0
-145 -89 155 23 -56 0
-145 -89 156 -23 56 0
-145 -89 157 -23 -56 0
-145 90 -154 24 57 0
-145 90 -155 24 -57 0
-145 90 -156 -24 57 0
-145 90 -157 -24 -57 0
-145 -90 154 24 57 0
-145 -90 155 24 -57 0
-145 -90 156 -24 57 0
-145 -90 157 -24 -57 0
-145 91 -154 25 58 0
-145 91 -155 25 -58 0
-145 91 -156 -25 58 0
-145 91 -157 -25 -58 0
-145 -91 154 25 58 0
-145 -91 155 25 -58 0
-145 -91 156 -25 58 0
-145 -91 157 -25 -58 0
-145 92 -154 26 59 0
-145 92 -155 26 -59 0
-145 92 -156 -26 59 0
-145 92 -157 -26 -59 0
-145 -92 154 26 59 0
-145 -92 155 26 -59 0
-145 -92 156 -26 59 0
-145 -92 157 -26 -59 0
-145 93 -154 27 60 0
-145 93 -155 27 -60 0
-145 93 -156 -27 60 0
-145 93 -157 -27 -60 0
-145 -93 154 27 60 0
-145 -93 155 27 -60 0
-145 -93 156 -27 60 0
-145 -93 157 -27 -60 0
-145 94 -154 28 61 0
-145 94 -155 28 -61 0
-145 94 -156 -28 61 0
-145 94 -157 -28 -61 0
-145 -94 154 28 61 0
-145 -94 155 28 -61 0
-145 -94 156 -28 61 0
-145 -94 157 -28 -61 0
-145 95 -154 29 62 0
-145 95 -155 29 -62 0
-145 95 -156 -29 62 0
-145 95 -157 -29 -62 0
-145 -95 154 29 62 0
-145 -95 155 29 -62 0
-145 -95 156 -29 62 0
-145 -95 157 -29 -62 0
-145 96 -154 30 63 0
-145 96 -155 30 -63 0
-145 96 -156 -30 63 0
-145 96 -157 -30 -63 0
-145 -96 154 30 63 0
-145 -96 155 30 -63 0
-145 -96 156 -30 63 0
-145 -96 157 -30 -63 0
-145 97 -154 31 64 0
-145 97 -155 31 -64 0
-145 97 -156 -31 64 0
-145 97 -157 -31 -64 0
-145 -97 154 31 64 0
-145 -97 155 31 -64 0
-145 -97 156 -31 64 0
-145 -97 157 -31 -64 0
-145 98 -154 32 65 0
-145 98 -155 32 -65 0
-145 98 -156 -32 65 0
-145 98 -157 -32 -65 0
-145 -98 154 32 65 0
-145 -98 155 32 -65 0
-145 -98 156 -32 65 0
-145 -98 157 -32 -65 0
-145 99 -154 33 66 0
-145 99 -155 33 -66 0
-145 99 -156 -33 66 0
-145 99 -157 -33 -66 0
-145 -99 154 33 66 0
-145 -99 155 33 -66 0
-145 -99 156 -33 66 0
-145 -99 157 -33 -66 0
147 148 149 0
147 -148 -149 0
-147 148 -149 0
151 152 153 0
151 -152 -153 0
-151 152 -153 0
155 156 157 0
155 -156 -157 0
-155 156 -157 0
1 120 121 122 123 124 135 136 137 138 139 145 0
34 140 141 142 143 144 145 0
67 0
-100 -120 0
-100 -121 0
-100 -135 0
-100 -136 0
-101 -120 0
-101 -122 0
-101 -135 0
-101 -137 0
-102 -121 0
-102 -122 0
-102 -136 0
-102 -137 0
-103 -120 0
-103 -123 0
-103 -135 0
-103 -138 0
-104 -121 0
-104 -123 0
-104 -136 0
-104 -138 0
-105 -122 0
-105 -123 0
-105 -137 0
-105 -138 0
-106 -120 0
-106 -124 0
-106 -135 0
-106 -139 0
-107 -121 0
-107 -124 0
-107 -136 0
-107 -139 0
-108 -122 0
-108 -124 0
-108 -137 0
-108 -139 0
-109 -123 0
-109 -124 0
-109 -138 0
-109 -139 0
-110 -140 0
-110 -141 0
-111 -140 0
-111 -142 0
-112 -141 0
-112 -142 0
-113 -140 0
-113 -143 0
-114 -141 0
-114 -143 0
-115 -142 0
-115 -143 0
-116 -140 0
-116 -144 0
-117 -141 0
-117 -144 0
-118 -142 0
-118 -144 0
-119 -143 0
-119 -144 0
-120 -140 0
-120 -145 0
-121 -141 0
-121 -145 0
-122 -142 0
-122 -145 0
-123 -143 0
-123 -145 0
-124 -144 0
-124 -145 0
-101 -110 0
-102 -110 0
-102 -111 0
-103 -110 0
-103 -111 0
-103 -112 0
-104 -110 0
-104 -111 0
-104 -112 0
-104 -113 0
-105 -110 0
-105 -111 0
-105 -112 0
-105 -113 0
-105 -114 0
-106 -110 0
-106 -111 0
-106 -112 0
-106 -113 0
-106 -114 0
-106 -115 0
-107 -110 0
-107 -111 0
-107 -112 0
-107 -113 0
-107 -114 0
-107 -115 0
-107 -116 0
-108 -110 0
-108 -111 0
-108 -112 0
-108 -113 0
-108 -114 0
-108 -115 0
-108 -116 0
-108 -117 0
-109 -110 0
-109 -111 0
-109 -112 0
-109 -113 0
-109 -114 0
-109 -115 0
-109 -116 0
-109 -117 0
-109 -118 0
-111 -125 0
-112 -125 0
-112 -126 0
-113 -125 0
-113 -126 0
-113 -127 0
-114 -125 0
-114 -126 0
-114 -127 0
-114 -128 0
-115 -125 0
-115 -126 0
-115 -127 0
-115 -128 0
-115 -129 0
-116 -125 0
-116 -126 0
-116 -127 0
-116 -128 0
-116 -129 0
-116 -130 0
-117 -125 0
-117 -126 0
-117 -127 0
-117 -128 0
-117 -129 0
-117 -130 0
-117 -131 0
-118 -125 0
-118 -126 0
-118 -127 0
-118 -128 0
-118 -129 0
-118 -130 0
-118 -131 0
-118 -132 0
-119 -125 0
-119 -126 0
-119 -127 0
-119 -128 0
-119 -129 0
-119 -130 0
-119 -131 0
-119 -132 0
-119 -133 0
-120 -125 0
-120 -126 0
-120 -127 0
-120 -128 0
-120 -129 0
-120 -130 0
-120 -131 0
-120 -132 0
-120 -133 0
-120 -134 0
-121 -125 0
-121 -126 0
-121 -127 0
-121 -128 0
-121 -129 0
-121 -130 0
-121 -131 0
-121 -132 0
-121 -133 0
-121 -134 0
-121 -135 0
-122 -125 0
-122 -126 0
-122 -127 0
-122 -128 0
-122 -129 0
-122 -130 0
-122 -131 0
-122 -132 0
-122 -133 0
-122 -134 0
-122 -135 0
-122 -136 0
-123 -125 0
-123 -126 0
-123 -127 0
-123 -128 0
-123 -129 0
-123 -130 0
-123 -131 0
-123 -132 0
-123 -133 0
-123 -134 0
-123 -135 0
-123 -136 0
-123 -137 0
-124 -125 0
-124 -126 0
-124 -127 0
-124 -128 0
-124 -129 0
-124 -130 0
-124 -131 0
-124 -132 0
-124 -133 0
-124 -134 0
-124 -135 0
-124 -136 0
-124 -137 0
-124 -138 0
