0.98598837852478034 1
on size 5
1
1
1
1
0
0
0
1
0
1
0
0
1
1
1
0
---
3.6422114372253424 1
on size 6
0
1
1
0
1
0
0
0
0
1
0
0
1
1
1
0
---
0.75553178787231454 1
on size 6
1
1
1
0
1
0
1
1
1
1
0
1
0
0
0
1
---
15.1408116817474374 2
on size 10
11
01
10
01
00
00
01
10
01
10
01
11
10
01
00
11
---
1.54233098030090334 2
on size 8
11
00
10
00
10
00
10
00
01
10
10
00
01
01
01
11
---
26.1530983448028564 2
on size 8
10
11
00
10
00
11
11
11
01
11
00
10
00
11
10
10
---
22.5452497005462654 2
on size 9
10
00
00
01
01
00
10
00
10
00
00
11
00
01
11
01
---
7.039065122604374 2
on size 8
10
11
00
00
00
01
10
10
10
01
10
11
10
11
11
00
---
0.58744859695434574 2
on size 8
00
00
00
01
00
10
11
11
00
00
01
00
01
00
00
11
---
7.6056058406829834 2
on size 11
00
01
10
11
10
00
01
01
00
11
01
11
10
00
11
11
---
1.44811367988586434 2
on size 8
00
11
00
11
00
01
10
11
01
11
10
11
00
11
01
01
---
3.69775748252868654 2
on size 9
11
11
01
10
01
11
10
10
01
00
01
01
10
00
00
01
---
20.6625652313232424 2
on size 11
00
10
00
01
01
01
00
10
00
01
00
11
10
11
00
11
---
27.0859200954437264 2
on size 10
11
01
10
11
11
00
10
01
11
10
10
01
01
10
11
00
---
20.6777379512786874 2
on size 8
10
11
01
01
10
00
00
11
00
10
11
00
01
11
10
01
---
0.92379260063171394 2
on size 7
10
10
10
11
01
01
01
11
01
01
11
01
11
01
01
01
---
3.23414564132690434 2
on size 8
00
00
01
01
10
10
00
00
00
10
11
10
00
00
01
01
---
1.60941553115844734 2
on size 9
01
01
10
00
00
01
10
10
01
01
10
10
11
11
10
00
---
0.50280857086181644 2
on size 6
10
10
10
11
10
10
10
11
11
11
00
10
01
11
11
10
---
7.6633653640747074 2
on size 11
11
10
00
00
10
00
11
11
00
11
01
00
01
10
00
01
---
7.4328470230102544 2
on size 10
11
00
00
11
11
10
11
01
11
01
10
00
01
01
10
01
---
27.9803261756896974 2
on size 11
11
00
10
11
10
01
11
00
01
01
10
01
10
00
00
01
---
0.53672313690185554 2
on size 8
10
00
00
00
00
01
01
10
11
10
00
01
11
11
01
11
---
0.50804471969604494 2
on size 8
11
10
11
11
00
10
10
11
11
10
01
11
00
10
10
10
---
3.5515680313110354 2
on size 7
00
00
00
00
01
00
00
10
00
01
01
11
01
11
01
11
---
1.34886169433593754 2
on size 8
01
11
01
11
01
01
00
11
00
01
10
01
01
11
10
01
---
23.5241291522979744 2
on size 12
10
00
11
01
11
01
00
11
00
11
11
11
00
00
10
11
---
0.87278056144714364 2
on size 7
00
00
01
10
01
10
00
11
00
10
00
10
00
00
01
11
---
14.9474341869354254 2
on size 8
01
01
00
11
01
10
00
00
10
11
11
00
10
11
10
00
---
5.1424493789672854 2
on size 10
11
10
11
11
01
00
11
10
11
00
01
01
10
10
01
00
---

